            0            0            0            0            0            0            0            0            0            0            0            0            0            0            0            0            0            0            0            0            0            0            0            0            0            0            0            0            0            0            0            0            0            0            0            0            0            0            0            0            0            0            0            0            0            0            0            0            0            0            0            0            0            0            0            0            0            0            0            0            0            0            0            0            0            0            0            0            0            0            0            0            0            0            0            0            0            0            0            0            0            0            0            0            0            0            0            0            0            0            0            0            0            0            0            0            0            0            0            0            0
            0   4.4506e-08   8.8968e-08   1.3334e-07   1.7758e-07   2.2165e-07   2.6550e-07   3.0909e-07   3.5237e-07   3.9530e-07   4.3784e-07   4.7996e-07   5.2159e-07   5.6272e-07   6.0328e-07   6.4326e-07   6.8259e-07   7.2126e-07   7.5921e-07   7.9641e-07   8.3283e-07   8.6842e-07   9.0316e-07   9.3701e-07   9.6993e-07   1.0019e-06   1.0329e-06   1.0628e-06   1.0917e-06   1.1196e-06   1.1463e-06   1.1719e-06   1.1963e-06   1.2196e-06   1.2416e-06   1.2625e-06   1.2820e-06   1.3004e-06   1.3174e-06   1.3331e-06   1.3475e-06   1.3606e-06   1.3724e-06   1.3828e-06   1.3918e-06   1.3995e-06   1.4057e-06   1.4106e-06   1.4141e-06   1.4162e-06   1.4169e-06   1.4162e-06   1.4141e-06   1.4106e-06   1.4057e-06   1.3995e-06   1.3918e-06   1.3828e-06   1.3724e-06   1.3606e-06   1.3475e-06   1.3331e-06   1.3174e-06   1.3004e-06   1.2820e-06   1.2625e-06   1.2416e-06   1.2196e-06   1.1963e-06   1.1719e-06   1.1463e-06   1.1196e-06   1.0917e-06   1.0628e-06   1.0329e-06   1.0019e-06   9.6993e-07   9.3701e-07   9.0316e-07   8.6842e-07   8.3283e-07   7.9641e-07   7.5921e-07   7.2126e-07   6.8259e-07   6.4326e-07   6.0328e-07   5.6272e-07   5.2159e-07   4.7996e-07   4.3784e-07   3.9530e-07   3.5237e-07   3.0909e-07   2.6550e-07   2.2165e-07   1.7758e-07   1.3334e-07   8.8968e-08   4.4506e-08            0
            0   8.8968e-08   1.7785e-07   2.6655e-07   3.5499e-07   4.4308e-07   5.3074e-07   6.1787e-07   7.0439e-07   7.9021e-07   8.7526e-07   9.5944e-07   1.0427e-06   1.1249e-06   1.2060e-06   1.2859e-06   1.3645e-06   1.4418e-06   1.5177e-06   1.5920e-06   1.6648e-06   1.7360e-06   1.8054e-06   1.8731e-06   1.9389e-06   2.0028e-06   2.0647e-06   2.1246e-06   2.1824e-06   2.2380e-06   2.2915e-06   2.3426e-06   2.3915e-06   2.4380e-06   2.4820e-06   2.5237e-06   2.5628e-06   2.5994e-06   2.6335e-06   2.6649e-06   2.6938e-06   2.7199e-06   2.7434e-06   2.7642e-06   2.7822e-06   2.7975e-06   2.8101e-06   2.8198e-06   2.8268e-06   2.8310e-06   2.8324e-06   2.8310e-06   2.8268e-06   2.8198e-06   2.8101e-06   2.7975e-06   2.7822e-06   2.7642e-06   2.7434e-06   2.7199e-06   2.6938e-06   2.6649e-06   2.6335e-06   2.5994e-06   2.5628e-06   2.5237e-06   2.4820e-06   2.4380e-06   2.3915e-06   2.3426e-06   2.2915e-06   2.2380e-06   2.1824e-06   2.1246e-06   2.0647e-06   2.0028e-06   1.9389e-06   1.8731e-06   1.8054e-06   1.7360e-06   1.6648e-06   1.5920e-06   1.5177e-06   1.4418e-06   1.3645e-06   1.2859e-06   1.2060e-06   1.1249e-06   1.0427e-06   9.5944e-07   8.7526e-07   7.9021e-07   7.0439e-07   6.1787e-07   5.3074e-07   4.4308e-07   3.5499e-07   2.6655e-07   1.7785e-07   8.8968e-08            0
            0   1.3334e-07   2.6655e-07   3.9950e-07   5.3205e-07   6.6408e-07   7.9545e-07   9.2604e-07   1.0557e-06   1.1843e-06   1.3118e-06   1.4380e-06   1.5627e-06   1.6859e-06   1.8075e-06   1.9272e-06   2.0451e-06   2.1609e-06   2.2746e-06   2.3861e-06   2.4952e-06   2.6018e-06   2.7059e-06   2.8073e-06   2.9060e-06   3.0017e-06   3.0945e-06   3.1843e-06   3.2709e-06   3.3543e-06   3.4344e-06   3.5110e-06   3.5842e-06   3.6539e-06   3.7200e-06   3.7824e-06   3.8411e-06   3.8960e-06   3.9470e-06   3.9941e-06   4.0373e-06   4.0765e-06   4.1117e-06   4.1429e-06   4.1699e-06   4.1928e-06   4.2116e-06   4.2263e-06   4.2367e-06   4.2430e-06   4.2451e-06   4.2430e-06   4.2367e-06   4.2263e-06   4.2116e-06   4.1928e-06   4.1699e-06   4.1429e-06   4.1117e-06   4.0765e-06   4.0373e-06   3.9941e-06   3.9470e-06   3.8960e-06   3.8411e-06   3.7824e-06   3.7200e-06   3.6539e-06   3.5842e-06   3.5110e-06   3.4344e-06   3.3543e-06   3.2709e-06   3.1843e-06   3.0945e-06   3.0017e-06   2.9060e-06   2.8073e-06   2.7059e-06   2.6018e-06   2.4952e-06   2.3861e-06   2.2746e-06   2.1609e-06   2.0451e-06   1.9272e-06   1.8075e-06   1.6859e-06   1.5627e-06   1.4380e-06   1.3118e-06   1.1843e-06   1.0557e-06   9.2604e-07   7.9545e-07   6.6408e-07   5.3205e-07   3.9950e-07   2.6655e-07   1.3334e-07            0
            0   1.7758e-07   3.5499e-07   5.3205e-07   7.0858e-07   8.8442e-07   1.0594e-06   1.2333e-06   1.4060e-06   1.5773e-06   1.7471e-06   1.9151e-06   2.0812e-06   2.2453e-06   2.4072e-06   2.5667e-06   2.7236e-06   2.8779e-06   3.0294e-06   3.1778e-06   3.3231e-06   3.4651e-06   3.6037e-06   3.7388e-06   3.8702e-06   3.9977e-06   4.1213e-06   4.2408e-06   4.3562e-06   4.4672e-06   4.5739e-06   4.6760e-06   4.7735e-06   4.8663e-06   4.9543e-06   5.0374e-06   5.1155e-06   5.1886e-06   5.2566e-06   5.3194e-06   5.3769e-06   5.4291e-06   5.4760e-06   5.5174e-06   5.5535e-06   5.5840e-06   5.6090e-06   5.6285e-06   5.6424e-06   5.6508e-06   5.6536e-06   5.6508e-06   5.6424e-06   5.6285e-06   5.6090e-06   5.5840e-06   5.5535e-06   5.5174e-06   5.4760e-06   5.4291e-06   5.3769e-06   5.3194e-06   5.2566e-06   5.1886e-06   5.1155e-06   5.0374e-06   4.9543e-06   4.8663e-06   4.7735e-06   4.6760e-06   4.5739e-06   4.4672e-06   4.3562e-06   4.2408e-06   4.1213e-06   3.9977e-06   3.8702e-06   3.7388e-06   3.6037e-06   3.4651e-06   3.3231e-06   3.1778e-06   3.0294e-06   2.8779e-06   2.7236e-06   2.5667e-06   2.4072e-06   2.2453e-06   2.0812e-06   1.9151e-06   1.7471e-06   1.5773e-06   1.4060e-06   1.2333e-06   1.0594e-06   8.8442e-07   7.0858e-07   5.3205e-07   3.5499e-07   1.7758e-07            0
            0   2.2165e-07   4.4308e-07   6.6408e-07   8.8442e-07   1.1039e-06   1.3223e-06   1.5393e-06   1.7549e-06   1.9687e-06   2.1806e-06   2.3903e-06   2.5977e-06   2.8025e-06   3.0045e-06   3.2036e-06   3.3995e-06   3.5921e-06   3.7811e-06   3.9664e-06   4.1477e-06   4.3250e-06   4.4980e-06   4.6666e-06   4.8305e-06   4.9897e-06   5.1440e-06   5.2932e-06   5.4372e-06   5.5758e-06   5.7089e-06   5.8363e-06   5.9580e-06   6.0739e-06   6.1837e-06   6.2874e-06   6.3849e-06   6.4762e-06   6.5610e-06   6.6394e-06   6.7112e-06   6.7763e-06   6.8348e-06   6.8866e-06   6.9315e-06   6.9697e-06   7.0009e-06   7.0252e-06   7.0426e-06   7.0531e-06   7.0565e-06   7.0531e-06   7.0426e-06   7.0252e-06   7.0009e-06   6.9697e-06   6.9315e-06   6.8866e-06   6.8348e-06   6.7763e-06   6.7112e-06   6.6394e-06   6.5610e-06   6.4762e-06   6.3849e-06   6.2874e-06   6.1837e-06   6.0739e-06   5.9580e-06   5.8363e-06   5.7089e-06   5.5758e-06   5.4372e-06   5.2932e-06   5.1440e-06   4.9897e-06   4.8305e-06   4.6666e-06   4.4980e-06   4.3250e-06   4.1477e-06   3.9664e-06   3.7811e-06   3.5921e-06   3.3995e-06   3.2036e-06   3.0045e-06   2.8025e-06   2.5977e-06   2.3903e-06   2.1806e-06   1.9687e-06   1.7549e-06   1.5393e-06   1.3223e-06   1.1039e-06   8.8442e-07   6.6408e-07   4.4308e-07   2.2165e-07            0
            0   2.6550e-07   5.3074e-07   7.9545e-07   1.0594e-06   1.3223e-06   1.5838e-06   1.8439e-06   2.1021e-06   2.3582e-06   2.6120e-06   2.8632e-06   3.1116e-06   3.3569e-06   3.5989e-06   3.8374e-06   4.0720e-06   4.3027e-06   4.5291e-06   4.7510e-06   4.9683e-06   5.1806e-06   5.3878e-06   5.5897e-06   5.7861e-06   5.9768e-06   6.1616e-06   6.3403e-06   6.5128e-06   6.6788e-06   6.8382e-06   6.9909e-06   7.1367e-06   7.2754e-06   7.4070e-06   7.5312e-06   7.6481e-06   7.7573e-06   7.8589e-06   7.9528e-06   8.0388e-06   8.1169e-06   8.1870e-06   8.2489e-06   8.3028e-06   8.3484e-06   8.3859e-06   8.4150e-06   8.4358e-06   8.4483e-06   8.4525e-06   8.4483e-06   8.4358e-06   8.4150e-06   8.3859e-06   8.3484e-06   8.3028e-06   8.2489e-06   8.1870e-06   8.1169e-06   8.0388e-06   7.9528e-06   7.8589e-06   7.7573e-06   7.6481e-06   7.5312e-06   7.4070e-06   7.2754e-06   7.1367e-06   6.9909e-06   6.8382e-06   6.6788e-06   6.5128e-06   6.3403e-06   6.1616e-06   5.9768e-06   5.7861e-06   5.5897e-06   5.3878e-06   5.1806e-06   4.9683e-06   4.7510e-06   4.5291e-06   4.3027e-06   4.0720e-06   3.8374e-06   3.5989e-06   3.3569e-06   3.1116e-06   2.8632e-06   2.6120e-06   2.3582e-06   2.1021e-06   1.8439e-06   1.5838e-06   1.3223e-06   1.0594e-06   7.9545e-07   5.3074e-07   2.6550e-07            0
            0   3.0909e-07   6.1787e-07   9.2604e-07   1.2333e-06   1.5393e-06   1.8439e-06   2.1466e-06   2.4471e-06   2.7453e-06   3.0408e-06   3.3332e-06   3.6224e-06   3.9080e-06   4.1897e-06   4.4673e-06   4.7405e-06   5.0090e-06   5.2726e-06   5.5310e-06   5.7839e-06   6.0311e-06   6.2723e-06   6.5074e-06   6.7360e-06   6.9580e-06   7.1731e-06   7.3812e-06   7.5820e-06   7.7752e-06   7.9608e-06   8.1386e-06   8.3083e-06   8.4698e-06   8.6230e-06   8.7676e-06   8.9036e-06   9.0308e-06   9.1491e-06   9.2584e-06   9.3585e-06   9.4494e-06   9.5310e-06   9.6031e-06   9.6658e-06   9.7190e-06   9.7625e-06   9.7965e-06   9.8207e-06   9.8353e-06   9.8401e-06   9.8353e-06   9.8207e-06   9.7965e-06   9.7625e-06   9.7190e-06   9.6658e-06   9.6031e-06   9.5310e-06   9.4494e-06   9.3585e-06   9.2584e-06   9.1491e-06   9.0308e-06   8.9036e-06   8.7676e-06   8.6230e-06   8.4698e-06   8.3083e-06   8.1386e-06   7.9608e-06   7.7752e-06   7.5820e-06   7.3812e-06   7.1731e-06   6.9580e-06   6.7360e-06   6.5074e-06   6.2723e-06   6.0311e-06   5.7839e-06   5.5310e-06   5.2726e-06   5.0090e-06   4.7405e-06   4.4673e-06   4.1897e-06   3.9080e-06   3.6224e-06   3.3332e-06   3.0408e-06   2.7453e-06   2.4471e-06   2.1466e-06   1.8439e-06   1.5393e-06   1.2333e-06   9.2604e-07   6.1787e-07   3.0909e-07            0
            0   3.5237e-07   7.0439e-07   1.0557e-06   1.4060e-06   1.7549e-06   2.1021e-06   2.4471e-06   2.7898e-06   3.1297e-06   3.4666e-06   3.8000e-06   4.1296e-06   4.4552e-06   4.7764e-06   5.0929e-06   5.4043e-06   5.7104e-06   6.0109e-06   6.3055e-06   6.5938e-06   6.8756e-06   7.1507e-06   7.4186e-06   7.6793e-06   7.9324e-06   8.1776e-06   8.4148e-06   8.6437e-06   8.8640e-06   9.0756e-06   9.2782e-06   9.4717e-06   9.6558e-06   9.8304e-06   9.9954e-06   1.0150e-05   1.0295e-05   1.0430e-05   1.0555e-05   1.0669e-05   1.0773e-05   1.0866e-05   1.0948e-05   1.1019e-05   1.1080e-05   1.1130e-05   1.1168e-05   1.1196e-05   1.1213e-05   1.1218e-05   1.1213e-05   1.1196e-05   1.1168e-05   1.1130e-05   1.1080e-05   1.1019e-05   1.0948e-05   1.0866e-05   1.0773e-05   1.0669e-05   1.0555e-05   1.0430e-05   1.0295e-05   1.0150e-05   9.9954e-06   9.8304e-06   9.6558e-06   9.4717e-06   9.2782e-06   9.0756e-06   8.8640e-06   8.6437e-06   8.4148e-06   8.1776e-06   7.9324e-06   7.6793e-06   7.4186e-06   7.1507e-06   6.8756e-06   6.5938e-06   6.3055e-06   6.0109e-06   5.7104e-06   5.4043e-06   5.0929e-06   4.7764e-06   4.4552e-06   4.1296e-06   3.8000e-06   3.4666e-06   3.1297e-06   2.7898e-06   2.4471e-06   2.1021e-06   1.7549e-06   1.4060e-06   1.0557e-06   7.0439e-07   3.5237e-07            0
            0   3.9530e-07   7.9021e-07   1.1843e-06   1.5773e-06   1.9687e-06   2.3582e-06   2.7453e-06   3.1297e-06   3.5111e-06   3.8889e-06   4.2630e-06   4.6328e-06   4.9981e-06   5.3584e-06   5.7134e-06   6.0628e-06   6.4062e-06   6.7433e-06   7.0738e-06   7.3972e-06   7.7134e-06   8.0219e-06   8.3225e-06   8.6150e-06   8.8989e-06   9.1740e-06   9.4401e-06   9.6968e-06   9.9440e-06   1.0181e-05   1.0409e-05   1.0626e-05   1.0832e-05   1.1028e-05   1.1213e-05   1.1387e-05   1.1550e-05   1.1701e-05   1.1841e-05   1.1969e-05   1.2085e-05   1.2190e-05   1.2282e-05   1.2362e-05   1.2430e-05   1.2486e-05   1.2529e-05   1.2560e-05   1.2579e-05   1.2585e-05   1.2579e-05   1.2560e-05   1.2529e-05   1.2486e-05   1.2430e-05   1.2362e-05   1.2282e-05   1.2190e-05   1.2085e-05   1.1969e-05   1.1841e-05   1.1701e-05   1.1550e-05   1.1387e-05   1.1213e-05   1.1028e-05   1.0832e-05   1.0626e-05   1.0409e-05   1.0181e-05   9.9440e-06   9.6968e-06   9.4401e-06   9.1740e-06   8.8989e-06   8.6150e-06   8.3225e-06   8.0219e-06   7.7134e-06   7.3972e-06   7.0738e-06   6.7433e-06   6.4062e-06   6.0628e-06   5.7134e-06   5.3584e-06   4.9981e-06   4.6328e-06   4.2630e-06   3.8889e-06   3.5111e-06   3.1297e-06   2.7453e-06   2.3582e-06   1.9687e-06   1.5773e-06   1.1843e-06   7.9021e-07   3.9530e-07            0
            0   4.3784e-07   8.7526e-07   1.3118e-06   1.7471e-06   2.1806e-06   2.6120e-06   3.0408e-06   3.4666e-06   3.8889e-06   4.3075e-06   4.7218e-06   5.1314e-06   5.5360e-06   5.9351e-06   6.3283e-06   6.7153e-06   7.0957e-06   7.4691e-06   7.8351e-06   8.1933e-06   8.5435e-06   8.8853e-06   9.2182e-06   9.5421e-06   9.8566e-06   1.0161e-05   1.0456e-05   1.0740e-05   1.1014e-05   1.1277e-05   1.1529e-05   1.1769e-05   1.1998e-05   1.2215e-05   1.2420e-05   1.2613e-05   1.2793e-05   1.2960e-05   1.3115e-05   1.3257e-05   1.3386e-05   1.3501e-05   1.3604e-05   1.3692e-05   1.3768e-05   1.3829e-05   1.3877e-05   1.3912e-05   1.3932e-05   1.3939e-05   1.3932e-05   1.3912e-05   1.3877e-05   1.3829e-05   1.3768e-05   1.3692e-05   1.3604e-05   1.3501e-05   1.3386e-05   1.3257e-05   1.3115e-05   1.2960e-05   1.2793e-05   1.2613e-05   1.2420e-05   1.2215e-05   1.1998e-05   1.1769e-05   1.1529e-05   1.1277e-05   1.1014e-05   1.0740e-05   1.0456e-05   1.0161e-05   9.8566e-06   9.5421e-06   9.2182e-06   8.8853e-06   8.5435e-06   8.1933e-06   7.8351e-06   7.4691e-06   7.0957e-06   6.7153e-06   6.3283e-06   5.9351e-06   5.5360e-06   5.1314e-06   4.7218e-06   4.3075e-06   3.8889e-06   3.4666e-06   3.0408e-06   2.6120e-06   2.1806e-06   1.7471e-06   1.3118e-06   8.7526e-07   4.3784e-07            0
            0   4.7996e-07   9.5944e-07   1.4380e-06   1.9151e-06   2.3903e-06   2.8632e-06   3.3332e-06   3.8000e-06   4.2630e-06   4.7218e-06   5.1759e-06   5.6249e-06   6.0684e-06   6.5059e-06   6.9370e-06   7.3612e-06   7.7781e-06   8.1874e-06   8.5886e-06   8.9813e-06   9.3652e-06   9.7398e-06   1.0105e-05   1.0460e-05   1.0805e-05   1.1139e-05   1.1462e-05   1.1773e-05   1.2074e-05   1.2362e-05   1.2638e-05   1.2901e-05   1.3152e-05   1.3390e-05   1.3615e-05   1.3826e-05   1.4023e-05   1.4207e-05   1.4377e-05   1.4532e-05   1.4673e-05   1.4800e-05   1.4912e-05   1.5009e-05   1.5092e-05   1.5159e-05   1.5212e-05   1.5250e-05   1.5272e-05   1.5280e-05   1.5272e-05   1.5250e-05   1.5212e-05   1.5159e-05   1.5092e-05   1.5009e-05   1.4912e-05   1.4800e-05   1.4673e-05   1.4532e-05   1.4377e-05   1.4207e-05   1.4023e-05   1.3826e-05   1.3615e-05   1.3390e-05   1.3152e-05   1.2901e-05   1.2638e-05   1.2362e-05   1.2074e-05   1.1773e-05   1.1462e-05   1.1139e-05   1.0805e-05   1.0460e-05   1.0105e-05   9.7398e-06   9.3652e-06   8.9813e-06   8.5886e-06   8.1874e-06   7.7781e-06   7.3612e-06   6.9370e-06   6.5059e-06   6.0684e-06   5.6249e-06   5.1759e-06   4.7218e-06   4.2630e-06   3.8000e-06   3.3332e-06   2.8632e-06   2.3903e-06   1.9151e-06   1.4380e-06   9.5944e-07   4.7996e-07            0
            0   5.2159e-07   1.0427e-06   1.5627e-06   2.0812e-06   2.5977e-06   3.1116e-06   3.6224e-06   4.1296e-06   4.6328e-06   5.1314e-06   5.6249e-06   6.1129e-06   6.5949e-06   7.0703e-06   7.5388e-06   7.9998e-06   8.4529e-06   8.8977e-06   9.3337e-06   9.7605e-06   1.0178e-05   1.0585e-05   1.0981e-05   1.1367e-05   1.1742e-05   1.2105e-05   1.2456e-05   1.2795e-05   1.3121e-05   1.3434e-05   1.3734e-05   1.4021e-05   1.4293e-05   1.4552e-05   1.4796e-05   1.5025e-05   1.5240e-05   1.5439e-05   1.5624e-05   1.5793e-05   1.5946e-05   1.6084e-05   1.6206e-05   1.6311e-05   1.6401e-05   1.6475e-05   1.6532e-05   1.6573e-05   1.6597e-05   1.6606e-05   1.6597e-05   1.6573e-05   1.6532e-05   1.6475e-05   1.6401e-05   1.6311e-05   1.6206e-05   1.6084e-05   1.5946e-05   1.5793e-05   1.5624e-05   1.5439e-05   1.5240e-05   1.5025e-05   1.4796e-05   1.4552e-05   1.4293e-05   1.4021e-05   1.3734e-05   1.3434e-05   1.3121e-05   1.2795e-05   1.2456e-05   1.2105e-05   1.1742e-05   1.1367e-05   1.0981e-05   1.0585e-05   1.0178e-05   9.7605e-06   9.3337e-06   8.8977e-06   8.4529e-06   7.9998e-06   7.5388e-06   7.0703e-06   6.5949e-06   6.1129e-06   5.6249e-06   5.1314e-06   4.6328e-06   4.1296e-06   3.6224e-06   3.1116e-06   2.5977e-06   2.0812e-06   1.5627e-06   1.0427e-06   5.2159e-07            0
            0   5.6272e-07   1.1249e-06   1.6859e-06   2.2453e-06   2.8025e-06   3.3569e-06   3.9080e-06   4.4552e-06   4.9981e-06   5.5360e-06   6.0684e-06   6.5949e-06   7.1148e-06   7.6277e-06   8.1331e-06   8.6305e-06   9.1194e-06   9.5992e-06   1.0070e-05   1.0530e-05   1.0980e-05   1.1419e-05   1.1847e-05   1.2264e-05   1.2668e-05   1.3059e-05   1.3438e-05   1.3804e-05   1.4155e-05   1.4493e-05   1.4817e-05   1.5126e-05   1.5420e-05   1.5699e-05   1.5962e-05   1.6210e-05   1.6441e-05   1.6657e-05   1.6856e-05   1.7038e-05   1.7203e-05   1.7352e-05   1.7483e-05   1.7597e-05   1.7694e-05   1.7774e-05   1.7835e-05   1.7879e-05   1.7906e-05   1.7915e-05   1.7906e-05   1.7879e-05   1.7835e-05   1.7774e-05   1.7694e-05   1.7597e-05   1.7483e-05   1.7352e-05   1.7203e-05   1.7038e-05   1.6856e-05   1.6657e-05   1.6441e-05   1.6210e-05   1.5962e-05   1.5699e-05   1.5420e-05   1.5126e-05   1.4817e-05   1.4493e-05   1.4155e-05   1.3804e-05   1.3438e-05   1.3059e-05   1.2668e-05   1.2264e-05   1.1847e-05   1.1419e-05   1.0980e-05   1.0530e-05   1.0070e-05   9.5992e-06   9.1194e-06   8.6305e-06   8.1331e-06   7.6277e-06   7.1148e-06   6.5949e-06   6.0684e-06   5.5360e-06   4.9981e-06   4.4552e-06   3.9080e-06   3.3569e-06   2.8025e-06   2.2453e-06   1.6859e-06   1.1249e-06   5.6272e-07            0
            0   6.0328e-07   1.2060e-06   1.8075e-06   2.4072e-06   3.0045e-06   3.5989e-06   4.1897e-06   4.7764e-06   5.3584e-06   5.9351e-06   6.5059e-06   7.0703e-06   7.6277e-06   8.1776e-06   8.7195e-06   9.2527e-06   9.7768e-06   1.0291e-05   1.0796e-05   1.1289e-05   1.1772e-05   1.2243e-05   1.2701e-05   1.3148e-05   1.3581e-05   1.4001e-05   1.4407e-05   1.4799e-05   1.5176e-05   1.5538e-05   1.5885e-05   1.6216e-05   1.6532e-05   1.6831e-05   1.7113e-05   1.7378e-05   1.7627e-05   1.7858e-05   1.8071e-05   1.8266e-05   1.8444e-05   1.8603e-05   1.8744e-05   1.8866e-05   1.8970e-05   1.9055e-05   1.9121e-05   1.9168e-05   1.9197e-05   1.9206e-05   1.9197e-05   1.9168e-05   1.9121e-05   1.9055e-05   1.8970e-05   1.8866e-05   1.8744e-05   1.8603e-05   1.8444e-05   1.8266e-05   1.8071e-05   1.7858e-05   1.7627e-05   1.7378e-05   1.7113e-05   1.6831e-05   1.6532e-05   1.6216e-05   1.5885e-05   1.5538e-05   1.5176e-05   1.4799e-05   1.4407e-05   1.4001e-05   1.3581e-05   1.3148e-05   1.2701e-05   1.2243e-05   1.1772e-05   1.1289e-05   1.0796e-05   1.0291e-05   9.7768e-06   9.2527e-06   8.7195e-06   8.1776e-06   7.6277e-06   7.0703e-06   6.5059e-06   5.9351e-06   5.3584e-06   4.7764e-06   4.1897e-06   3.5989e-06   3.0045e-06   2.4072e-06   1.8075e-06   1.2060e-06   6.0328e-07            0
            0   6.4326e-07   1.2859e-06   1.9272e-06   2.5667e-06   3.2036e-06   3.8374e-06   4.4673e-06   5.0929e-06   5.7134e-06   6.3283e-06   6.9370e-06   7.5388e-06   8.1331e-06   8.7195e-06   9.2972e-06   9.8658e-06   1.0425e-05   1.0973e-05   1.1511e-05   1.2037e-05   1.2552e-05   1.3054e-05   1.3543e-05   1.4019e-05   1.4481e-05   1.4928e-05   1.5361e-05   1.5779e-05   1.6181e-05   1.6568e-05   1.6938e-05   1.7291e-05   1.7627e-05   1.7946e-05   1.8247e-05   1.8530e-05   1.8795e-05   1.9041e-05   1.9268e-05   1.9477e-05   1.9666e-05   1.9835e-05   1.9986e-05   2.0116e-05   2.0227e-05   2.0317e-05   2.0388e-05   2.0438e-05   2.0469e-05   2.0479e-05   2.0469e-05   2.0438e-05   2.0388e-05   2.0317e-05   2.0227e-05   2.0116e-05   1.9986e-05   1.9835e-05   1.9666e-05   1.9477e-05   1.9268e-05   1.9041e-05   1.8795e-05   1.8530e-05   1.8247e-05   1.7946e-05   1.7627e-05   1.7291e-05   1.6938e-05   1.6568e-05   1.6181e-05   1.5779e-05   1.5361e-05   1.4928e-05   1.4481e-05   1.4019e-05   1.3543e-05   1.3054e-05   1.2552e-05   1.2037e-05   1.1511e-05   1.0973e-05   1.0425e-05   9.8658e-06   9.2972e-06   8.7195e-06   8.1331e-06   7.5388e-06   6.9370e-06   6.3283e-06   5.7134e-06   5.0929e-06   4.4673e-06   3.8374e-06   3.2036e-06   2.5667e-06   1.9272e-06   1.2859e-06   6.4326e-07            0
            0   6.8259e-07   1.3645e-06   2.0451e-06   2.7236e-06   3.3995e-06   4.0720e-06   4.7405e-06   5.4043e-06   6.0628e-06   6.7153e-06   7.3612e-06   7.9998e-06   8.6305e-06   9.2527e-06   9.8658e-06   1.0469e-05   1.1062e-05   1.1644e-05   1.2215e-05   1.2773e-05   1.3319e-05   1.3852e-05   1.4371e-05   1.4876e-05   1.5366e-05   1.5841e-05   1.6301e-05   1.6744e-05   1.7171e-05   1.7581e-05   1.7973e-05   1.8348e-05   1.8705e-05   1.9043e-05   1.9363e-05   1.9663e-05   1.9944e-05   2.0205e-05   2.0446e-05   2.0668e-05   2.0868e-05   2.1048e-05   2.1208e-05   2.1346e-05   2.1464e-05   2.1560e-05   2.1635e-05   2.1688e-05   2.1720e-05   2.1731e-05   2.1720e-05   2.1688e-05   2.1635e-05   2.1560e-05   2.1464e-05   2.1346e-05   2.1208e-05   2.1048e-05   2.0868e-05   2.0668e-05   2.0446e-05   2.0205e-05   1.9944e-05   1.9663e-05   1.9363e-05   1.9043e-05   1.8705e-05   1.8348e-05   1.7973e-05   1.7581e-05   1.7171e-05   1.6744e-05   1.6301e-05   1.5841e-05   1.5366e-05   1.4876e-05   1.4371e-05   1.3852e-05   1.3319e-05   1.2773e-05   1.2215e-05   1.1644e-05   1.1062e-05   1.0469e-05   9.8658e-06   9.2527e-06   8.6305e-06   7.9998e-06   7.3612e-06   6.7153e-06   6.0628e-06   5.4043e-06   4.7405e-06   4.0720e-06   3.3995e-06   2.7236e-06   2.0451e-06   1.3645e-06   6.8259e-07            0
            0   7.2126e-07   1.4418e-06   2.1609e-06   2.8779e-06   3.5921e-06   4.3027e-06   5.0090e-06   5.7104e-06   6.4062e-06   7.0957e-06   7.7781e-06   8.4529e-06   9.1194e-06   9.7768e-06   1.0425e-05   1.1062e-05   1.1689e-05   1.2304e-05   1.2907e-05   1.3497e-05   1.4074e-05   1.4637e-05   1.5185e-05   1.5719e-05   1.6237e-05   1.6739e-05   1.7224e-05   1.7693e-05   1.8144e-05   1.8577e-05   1.8992e-05   1.9388e-05   1.9764e-05   2.0122e-05   2.0459e-05   2.0777e-05   2.1074e-05   2.1350e-05   2.1605e-05   2.1838e-05   2.2050e-05   2.2241e-05   2.2409e-05   2.2555e-05   2.2679e-05   2.2781e-05   2.2860e-05   2.2917e-05   2.2951e-05   2.2962e-05   2.2951e-05   2.2917e-05   2.2860e-05   2.2781e-05   2.2679e-05   2.2555e-05   2.2409e-05   2.2241e-05   2.2050e-05   2.1838e-05   2.1605e-05   2.1350e-05   2.1074e-05   2.0777e-05   2.0459e-05   2.0122e-05   1.9764e-05   1.9388e-05   1.8992e-05   1.8577e-05   1.8144e-05   1.7693e-05   1.7224e-05   1.6739e-05   1.6237e-05   1.5719e-05   1.5185e-05   1.4637e-05   1.4074e-05   1.3497e-05   1.2907e-05   1.2304e-05   1.1689e-05   1.1062e-05   1.0425e-05   9.7768e-06   9.1194e-06   8.4529e-06   7.7781e-06   7.0957e-06   6.4062e-06   5.7104e-06   5.0090e-06   4.3027e-06   3.5921e-06   2.8779e-06   2.1609e-06   1.4418e-06   7.2126e-07            0
            0   7.5921e-07   1.5177e-06   2.2746e-06   3.0294e-06   3.7811e-06   4.5291e-06   5.2726e-06   6.0109e-06   6.7433e-06   7.4691e-06   8.1874e-06   8.8977e-06   9.5992e-06   1.0291e-05   1.0973e-05   1.1644e-05   1.2304e-05   1.2951e-05   1.3586e-05   1.4207e-05   1.4814e-05   1.5407e-05   1.5984e-05   1.6546e-05   1.7091e-05   1.7619e-05   1.8130e-05   1.8624e-05   1.9098e-05   1.9554e-05   1.9991e-05   2.0408e-05   2.0804e-05   2.1181e-05   2.1536e-05   2.1870e-05   2.2182e-05   2.2473e-05   2.2741e-05   2.2987e-05   2.3211e-05   2.3411e-05   2.3588e-05   2.3742e-05   2.3873e-05   2.3980e-05   2.4063e-05   2.4123e-05   2.4158e-05   2.4170e-05   2.4158e-05   2.4123e-05   2.4063e-05   2.3980e-05   2.3873e-05   2.3742e-05   2.3588e-05   2.3411e-05   2.3211e-05   2.2987e-05   2.2741e-05   2.2473e-05   2.2182e-05   2.1870e-05   2.1536e-05   2.1181e-05   2.0804e-05   2.0408e-05   1.9991e-05   1.9554e-05   1.9098e-05   1.8624e-05   1.8130e-05   1.7619e-05   1.7091e-05   1.6546e-05   1.5984e-05   1.5407e-05   1.4814e-05   1.4207e-05   1.3586e-05   1.2951e-05   1.2304e-05   1.1644e-05   1.0973e-05   1.0291e-05   9.5992e-06   8.8977e-06   8.1874e-06   7.4691e-06   6.7433e-06   6.0109e-06   5.2726e-06   4.5291e-06   3.7811e-06   3.0294e-06   2.2746e-06   1.5177e-06   7.5921e-07            0
            0   7.9641e-07   1.5920e-06   2.3861e-06   3.1778e-06   3.9664e-06   4.7510e-06   5.5310e-06   6.3055e-06   7.0738e-06   7.8351e-06   8.5886e-06   9.3337e-06   1.0070e-05   1.0796e-05   1.1511e-05   1.2215e-05   1.2907e-05   1.3586e-05   1.4251e-05   1.4903e-05   1.5540e-05   1.6162e-05   1.6767e-05   1.7357e-05   1.7929e-05   1.8483e-05   1.9019e-05   1.9536e-05   2.0034e-05   2.0512e-05   2.0970e-05   2.1408e-05   2.1824e-05   2.2219e-05   2.2591e-05   2.2942e-05   2.3269e-05   2.3574e-05   2.3856e-05   2.4114e-05   2.4348e-05   2.4558e-05   2.4744e-05   2.4906e-05   2.5043e-05   2.5155e-05   2.5242e-05   2.5305e-05   2.5342e-05   2.5355e-05   2.5342e-05   2.5305e-05   2.5242e-05   2.5155e-05   2.5043e-05   2.4906e-05   2.4744e-05   2.4558e-05   2.4348e-05   2.4114e-05   2.3856e-05   2.3574e-05   2.3269e-05   2.2942e-05   2.2591e-05   2.2219e-05   2.1824e-05   2.1408e-05   2.0970e-05   2.0512e-05   2.0034e-05   1.9536e-05   1.9019e-05   1.8483e-05   1.7929e-05   1.7357e-05   1.6767e-05   1.6162e-05   1.5540e-05   1.4903e-05   1.4251e-05   1.3586e-05   1.2907e-05   1.2215e-05   1.1511e-05   1.0796e-05   1.0070e-05   9.3337e-06   8.5886e-06   7.8351e-06   7.0738e-06   6.3055e-06   5.5310e-06   4.7510e-06   3.9664e-06   3.1778e-06   2.3861e-06   1.5920e-06   7.9641e-07            0
            0   8.3283e-07   1.6648e-06   2.4952e-06   3.3231e-06   4.1477e-06   4.9683e-06   5.7839e-06   6.5938e-06   7.3972e-06   8.1933e-06   8.9813e-06   9.7605e-06   1.0530e-05   1.1289e-05   1.2037e-05   1.2773e-05   1.3497e-05   1.4207e-05   1.4903e-05   1.5585e-05   1.6251e-05   1.6901e-05   1.7534e-05   1.8150e-05   1.8748e-05   1.9328e-05   1.9889e-05   2.0430e-05   2.0950e-05   2.1450e-05   2.1929e-05   2.2387e-05   2.2822e-05   2.3235e-05   2.3624e-05   2.3991e-05   2.4333e-05   2.4652e-05   2.4947e-05   2.5216e-05   2.5461e-05   2.5681e-05   2.5876e-05   2.6045e-05   2.6188e-05   2.6305e-05   2.6396e-05   2.6462e-05   2.6501e-05   2.6514e-05   2.6501e-05   2.6462e-05   2.6396e-05   2.6305e-05   2.6188e-05   2.6045e-05   2.5876e-05   2.5681e-05   2.5461e-05   2.5216e-05   2.4947e-05   2.4652e-05   2.4333e-05   2.3991e-05   2.3624e-05   2.3235e-05   2.2822e-05   2.2387e-05   2.1929e-05   2.1450e-05   2.0950e-05   2.0430e-05   1.9889e-05   1.9328e-05   1.8748e-05   1.8150e-05   1.7534e-05   1.6901e-05   1.6251e-05   1.5585e-05   1.4903e-05   1.4207e-05   1.3497e-05   1.2773e-05   1.2037e-05   1.1289e-05   1.0530e-05   9.7605e-06   8.9813e-06   8.1933e-06   7.3972e-06   6.5938e-06   5.7839e-06   4.9683e-06   4.1477e-06   3.3231e-06   2.4952e-06   1.6648e-06   8.3283e-07            0
            0   8.6842e-07   1.7360e-06   2.6018e-06   3.4651e-06   4.3250e-06   5.1806e-06   6.0311e-06   6.8756e-06   7.7134e-06   8.5435e-06   9.3652e-06   1.0178e-05   1.0980e-05   1.1772e-05   1.2552e-05   1.3319e-05   1.4074e-05   1.4814e-05   1.5540e-05   1.6251e-05   1.6945e-05   1.7623e-05   1.8284e-05   1.8926e-05   1.9550e-05   2.0154e-05   2.0739e-05   2.1303e-05   2.1846e-05   2.2367e-05   2.2867e-05   2.3343e-05   2.3797e-05   2.4228e-05   2.4634e-05   2.5016e-05   2.5373e-05   2.5706e-05   2.6013e-05   2.6294e-05   2.6550e-05   2.6779e-05   2.6982e-05   2.7158e-05   2.7307e-05   2.7429e-05   2.7525e-05   2.7593e-05   2.7634e-05   2.7647e-05   2.7634e-05   2.7593e-05   2.7525e-05   2.7429e-05   2.7307e-05   2.7158e-05   2.6982e-05   2.6779e-05   2.6550e-05   2.6294e-05   2.6013e-05   2.5706e-05   2.5373e-05   2.5016e-05   2.4634e-05   2.4228e-05   2.3797e-05   2.3343e-05   2.2867e-05   2.2367e-05   2.1846e-05   2.1303e-05   2.0739e-05   2.0154e-05   1.9550e-05   1.8926e-05   1.8284e-05   1.7623e-05   1.6945e-05   1.6251e-05   1.5540e-05   1.4814e-05   1.4074e-05   1.3319e-05   1.2552e-05   1.1772e-05   1.0980e-05   1.0178e-05   9.3652e-06   8.5435e-06   7.7134e-06   6.8756e-06   6.0311e-06   5.1806e-06   4.3250e-06   3.4651e-06   2.6018e-06   1.7360e-06   8.6842e-07            0
            0   9.0316e-07   1.8054e-06   2.7059e-06   3.6037e-06   4.4980e-06   5.3878e-06   6.2723e-06   7.1507e-06   8.0219e-06   8.8853e-06   9.7398e-06   1.0585e-05   1.1419e-05   1.2243e-05   1.3054e-05   1.3852e-05   1.4637e-05   1.5407e-05   1.6162e-05   1.6901e-05   1.7623e-05   1.8328e-05   1.9015e-05   1.9683e-05   2.0332e-05   2.0960e-05   2.1568e-05   2.2155e-05   2.2720e-05   2.3262e-05   2.3781e-05   2.4277e-05   2.4749e-05   2.5197e-05   2.5619e-05   2.6017e-05   2.6388e-05   2.6734e-05   2.7053e-05   2.7346e-05   2.7612e-05   2.7850e-05   2.8061e-05   2.8244e-05   2.8399e-05   2.8527e-05   2.8626e-05   2.8697e-05   2.8739e-05   2.8753e-05   2.8739e-05   2.8697e-05   2.8626e-05   2.8527e-05   2.8399e-05   2.8244e-05   2.8061e-05   2.7850e-05   2.7612e-05   2.7346e-05   2.7053e-05   2.6734e-05   2.6388e-05   2.6017e-05   2.5619e-05   2.5197e-05   2.4749e-05   2.4277e-05   2.3781e-05   2.3262e-05   2.2720e-05   2.2155e-05   2.1568e-05   2.0960e-05   2.0332e-05   1.9683e-05   1.9015e-05   1.8328e-05   1.7623e-05   1.6901e-05   1.6162e-05   1.5407e-05   1.4637e-05   1.3852e-05   1.3054e-05   1.2243e-05   1.1419e-05   1.0585e-05   9.7398e-06   8.8853e-06   8.0219e-06   7.1507e-06   6.2723e-06   5.3878e-06   4.4980e-06   3.6037e-06   2.7059e-06   1.8054e-06   9.0316e-07            0
            0   9.3701e-07   1.8731e-06   2.8073e-06   3.7388e-06   4.6666e-06   5.5897e-06   6.5074e-06   7.4186e-06   8.3225e-06   9.2182e-06   1.0105e-05   1.0981e-05   1.1847e-05   1.2701e-05   1.3543e-05   1.4371e-05   1.5185e-05   1.5984e-05   1.6767e-05   1.7534e-05   1.8284e-05   1.9015e-05   1.9727e-05   2.0421e-05   2.1094e-05   2.1746e-05   2.2376e-05   2.2985e-05   2.3571e-05   2.4134e-05   2.4673e-05   2.5187e-05   2.5677e-05   2.6141e-05   2.6579e-05   2.6992e-05   2.7377e-05   2.7736e-05   2.8067e-05   2.8371e-05   2.8646e-05   2.8894e-05   2.9112e-05   2.9302e-05   2.9464e-05   2.9596e-05   2.9698e-05   2.9772e-05   2.9816e-05   2.9831e-05   2.9816e-05   2.9772e-05   2.9698e-05   2.9596e-05   2.9464e-05   2.9302e-05   2.9112e-05   2.8894e-05   2.8646e-05   2.8371e-05   2.8067e-05   2.7736e-05   2.7377e-05   2.6992e-05   2.6579e-05   2.6141e-05   2.5677e-05   2.5187e-05   2.4673e-05   2.4134e-05   2.3571e-05   2.2985e-05   2.2376e-05   2.1746e-05   2.1094e-05   2.0421e-05   1.9727e-05   1.9015e-05   1.8284e-05   1.7534e-05   1.6767e-05   1.5984e-05   1.5185e-05   1.4371e-05   1.3543e-05   1.2701e-05   1.1847e-05   1.0981e-05   1.0105e-05   9.2182e-06   8.3225e-06   7.4186e-06   6.5074e-06   5.5897e-06   4.6666e-06   3.7388e-06   2.8073e-06   1.8731e-06   9.3701e-07            0
            0   9.6993e-07   1.9389e-06   2.9060e-06   3.8702e-06   4.8305e-06   5.7861e-06   6.7360e-06   7.6793e-06   8.6150e-06   9.5421e-06   1.0460e-05   1.1367e-05   1.2264e-05   1.3148e-05   1.4019e-05   1.4876e-05   1.5719e-05   1.6546e-05   1.7357e-05   1.8150e-05   1.8926e-05   1.9683e-05   2.0421e-05   2.1138e-05   2.1835e-05   2.2510e-05   2.3163e-05   2.3793e-05   2.4399e-05   2.4982e-05   2.5539e-05   2.6072e-05   2.6579e-05   2.7059e-05   2.7513e-05   2.7940e-05   2.8339e-05   2.8711e-05   2.9053e-05   2.9368e-05   2.9653e-05   2.9909e-05   3.0135e-05   3.0332e-05   3.0499e-05   3.0635e-05   3.0742e-05   3.0818e-05   3.0864e-05   3.0879e-05   3.0864e-05   3.0818e-05   3.0742e-05   3.0635e-05   3.0499e-05   3.0332e-05   3.0135e-05   2.9909e-05   2.9653e-05   2.9368e-05   2.9053e-05   2.8711e-05   2.8339e-05   2.7940e-05   2.7513e-05   2.7059e-05   2.6579e-05   2.6072e-05   2.5539e-05   2.4982e-05   2.4399e-05   2.3793e-05   2.3163e-05   2.2510e-05   2.1835e-05   2.1138e-05   2.0421e-05   1.9683e-05   1.8926e-05   1.8150e-05   1.7357e-05   1.6546e-05   1.5719e-05   1.4876e-05   1.4019e-05   1.3148e-05   1.2264e-05   1.1367e-05   1.0460e-05   9.5421e-06   8.6150e-06   7.6793e-06   6.7360e-06   5.7861e-06   4.8305e-06   3.8702e-06   2.9060e-06   1.9389e-06   9.6993e-07            0
            0   1.0019e-06   2.0028e-06   3.0017e-06   3.9977e-06   4.9897e-06   5.9768e-06   6.9580e-06   7.9324e-06   8.8989e-06   9.8566e-06   1.0805e-05   1.1742e-05   1.2668e-05   1.3581e-05   1.4481e-05   1.5366e-05   1.6237e-05   1.7091e-05   1.7929e-05   1.8748e-05   1.9550e-05   2.0332e-05   2.1094e-05   2.1835e-05   2.2554e-05   2.3252e-05   2.3926e-05   2.4577e-05   2.5203e-05   2.5805e-05   2.6381e-05   2.6931e-05   2.7455e-05   2.7951e-05   2.8420e-05   2.8861e-05   2.9273e-05   2.9657e-05   3.0011e-05   3.0335e-05   3.0630e-05   3.0894e-05   3.1128e-05   3.1332e-05   3.1504e-05   3.1645e-05   3.1755e-05   3.1834e-05   3.1881e-05   3.1897e-05   3.1881e-05   3.1834e-05   3.1755e-05   3.1645e-05   3.1504e-05   3.1332e-05   3.1128e-05   3.0894e-05   3.0630e-05   3.0335e-05   3.0011e-05   2.9657e-05   2.9273e-05   2.8861e-05   2.8420e-05   2.7951e-05   2.7455e-05   2.6931e-05   2.6381e-05   2.5805e-05   2.5203e-05   2.4577e-05   2.3926e-05   2.3252e-05   2.2554e-05   2.1835e-05   2.1094e-05   2.0332e-05   1.9550e-05   1.8748e-05   1.7929e-05   1.7091e-05   1.6237e-05   1.5366e-05   1.4481e-05   1.3581e-05   1.2668e-05   1.1742e-05   1.0805e-05   9.8566e-06   8.8989e-06   7.9324e-06   6.9580e-06   5.9768e-06   4.9897e-06   3.9977e-06   3.0017e-06   2.0028e-06   1.0019e-06            0
            0   1.0329e-06   2.0647e-06   3.0945e-06   4.1213e-06   5.1440e-06   6.1616e-06   7.1731e-06   8.1776e-06   9.1740e-06   1.0161e-05   1.1139e-05   1.2105e-05   1.3059e-05   1.4001e-05   1.4928e-05   1.5841e-05   1.6739e-05   1.7619e-05   1.8483e-05   1.9328e-05   2.0154e-05   2.0960e-05   2.1746e-05   2.2510e-05   2.3252e-05   2.3970e-05   2.4666e-05   2.5337e-05   2.5982e-05   2.6603e-05   2.7197e-05   2.7764e-05   2.8304e-05   2.8815e-05   2.9299e-05   2.9753e-05   3.0178e-05   3.0574e-05   3.0939e-05   3.1273e-05   3.1577e-05   3.1850e-05   3.2091e-05   3.2300e-05   3.2478e-05   3.2623e-05   3.2737e-05   3.2818e-05   3.2867e-05   3.2883e-05   3.2867e-05   3.2818e-05   3.2737e-05   3.2623e-05   3.2478e-05   3.2300e-05   3.2091e-05   3.1850e-05   3.1577e-05   3.1273e-05   3.0939e-05   3.0574e-05   3.0178e-05   2.9753e-05   2.9299e-05   2.8815e-05   2.8304e-05   2.7764e-05   2.7197e-05   2.6603e-05   2.5982e-05   2.5337e-05   2.4666e-05   2.3970e-05   2.3252e-05   2.2510e-05   2.1746e-05   2.0960e-05   2.0154e-05   1.9328e-05   1.8483e-05   1.7619e-05   1.6739e-05   1.5841e-05   1.4928e-05   1.4001e-05   1.3059e-05   1.2105e-05   1.1139e-05   1.0161e-05   9.1740e-06   8.1776e-06   7.1731e-06   6.1616e-06   5.1440e-06   4.1213e-06   3.0945e-06   2.0647e-06   1.0329e-06            0
            0   1.0628e-06   2.1246e-06   3.1843e-06   4.2408e-06   5.2932e-06   6.3403e-06   7.3812e-06   8.4148e-06   9.4401e-06   1.0456e-05   1.1462e-05   1.2456e-05   1.3438e-05   1.4407e-05   1.5361e-05   1.6301e-05   1.7224e-05   1.8130e-05   1.9019e-05   1.9889e-05   2.0739e-05   2.1568e-05   2.2376e-05   2.3163e-05   2.3926e-05   2.4666e-05   2.5381e-05   2.6071e-05   2.6736e-05   2.7374e-05   2.7985e-05   2.8569e-05   2.9124e-05   2.9651e-05   3.0148e-05   3.0616e-05   3.1054e-05   3.1460e-05   3.1836e-05   3.2180e-05   3.2493e-05   3.2773e-05   3.3022e-05   3.3237e-05   3.3420e-05   3.3570e-05   3.3686e-05   3.3770e-05   3.3820e-05   3.3836e-05   3.3820e-05   3.3770e-05   3.3686e-05   3.3570e-05   3.3420e-05   3.3237e-05   3.3022e-05   3.2773e-05   3.2493e-05   3.2180e-05   3.1836e-05   3.1460e-05   3.1054e-05   3.0616e-05   3.0148e-05   2.9651e-05   2.9124e-05   2.8569e-05   2.7985e-05   2.7374e-05   2.6736e-05   2.6071e-05   2.5381e-05   2.4666e-05   2.3926e-05   2.3163e-05   2.2376e-05   2.1568e-05   2.0739e-05   1.9889e-05   1.9019e-05   1.8130e-05   1.7224e-05   1.6301e-05   1.5361e-05   1.4407e-05   1.3438e-05   1.2456e-05   1.1462e-05   1.0456e-05   9.4401e-06   8.4148e-06   7.3812e-06   6.3403e-06   5.2932e-06   4.2408e-06   3.1843e-06   2.1246e-06   1.0628e-06            0
            0   1.0917e-06   2.1824e-06   3.2709e-06   4.3562e-06   5.4372e-06   6.5128e-06   7.5820e-06   8.6437e-06   9.6968e-06   1.0740e-05   1.1773e-05   1.2795e-05   1.3804e-05   1.4799e-05   1.5779e-05   1.6744e-05   1.7693e-05   1.8624e-05   1.9536e-05   2.0430e-05   2.1303e-05   2.2155e-05   2.2985e-05   2.3793e-05   2.4577e-05   2.5337e-05   2.6071e-05   2.6781e-05   2.7463e-05   2.8119e-05   2.8747e-05   2.9346e-05   2.9917e-05   3.0458e-05   3.0968e-05   3.1449e-05   3.1898e-05   3.2316e-05   3.2702e-05   3.3056e-05   3.3377e-05   3.3665e-05   3.3920e-05   3.4141e-05   3.4329e-05   3.4483e-05   3.4603e-05   3.4688e-05   3.4740e-05   3.4757e-05   3.4740e-05   3.4688e-05   3.4603e-05   3.4483e-05   3.4329e-05   3.4141e-05   3.3920e-05   3.3665e-05   3.3377e-05   3.3056e-05   3.2702e-05   3.2316e-05   3.1898e-05   3.1449e-05   3.0968e-05   3.0458e-05   2.9917e-05   2.9346e-05   2.8747e-05   2.8119e-05   2.7463e-05   2.6781e-05   2.6071e-05   2.5337e-05   2.4577e-05   2.3793e-05   2.2985e-05   2.2155e-05   2.1303e-05   2.0430e-05   1.9536e-05   1.8624e-05   1.7693e-05   1.6744e-05   1.5779e-05   1.4799e-05   1.3804e-05   1.2795e-05   1.1773e-05   1.0740e-05   9.6968e-06   8.6437e-06   7.5820e-06   6.5128e-06   5.4372e-06   4.3562e-06   3.2709e-06   2.1824e-06   1.0917e-06            0
            0   1.1196e-06   2.2380e-06   3.3543e-06   4.4672e-06   5.5758e-06   6.6788e-06   7.7752e-06   8.8640e-06   9.9440e-06   1.1014e-05   1.2074e-05   1.3121e-05   1.4155e-05   1.5176e-05   1.6181e-05   1.7171e-05   1.8144e-05   1.9098e-05   2.0034e-05   2.0950e-05   2.1846e-05   2.2720e-05   2.3571e-05   2.4399e-05   2.5203e-05   2.5982e-05   2.6736e-05   2.7463e-05   2.8163e-05   2.8836e-05   2.9479e-05   3.0094e-05   3.0679e-05   3.1234e-05   3.1758e-05   3.2251e-05   3.2711e-05   3.3140e-05   3.3536e-05   3.3898e-05   3.4228e-05   3.4523e-05   3.4784e-05   3.5011e-05   3.5204e-05   3.5362e-05   3.5485e-05   3.5572e-05   3.5625e-05   3.5643e-05   3.5625e-05   3.5572e-05   3.5485e-05   3.5362e-05   3.5204e-05   3.5011e-05   3.4784e-05   3.4523e-05   3.4228e-05   3.3898e-05   3.3536e-05   3.3140e-05   3.2711e-05   3.2251e-05   3.1758e-05   3.1234e-05   3.0679e-05   3.0094e-05   2.9479e-05   2.8836e-05   2.8163e-05   2.7463e-05   2.6736e-05   2.5982e-05   2.5203e-05   2.4399e-05   2.3571e-05   2.2720e-05   2.1846e-05   2.0950e-05   2.0034e-05   1.9098e-05   1.8144e-05   1.7171e-05   1.6181e-05   1.5176e-05   1.4155e-05   1.3121e-05   1.2074e-05   1.1014e-05   9.9440e-06   8.8640e-06   7.7752e-06   6.6788e-06   5.5758e-06   4.4672e-06   3.3543e-06   2.2380e-06   1.1196e-06            0
