        0        0        0        0        0        0        0        0        0        0        0
        0   0.0004   0.0008   0.0012   0.0014   0.0014   0.0014   0.0012   0.0008   0.0004        0
        0   0.0008   0.0016   0.0022   0.0026   0.0027   0.0026   0.0022   0.0016   0.0008        0
        0   0.0012   0.0022   0.0031   0.0036   0.0038   0.0036   0.0031   0.0022   0.0012        0
        0   0.0014   0.0026   0.0036   0.0042   0.0044   0.0042   0.0036   0.0026   0.0014        0
        0   0.0014   0.0027   0.0038   0.0044   0.0047   0.0044   0.0038   0.0027   0.0014        0
        0   0.0014   0.0026   0.0036   0.0042   0.0044   0.0042   0.0036   0.0026   0.0014        0
        0   0.0012   0.0022   0.0031   0.0036   0.0038   0.0036   0.0031   0.0022   0.0012        0
        0   0.0008   0.0016   0.0022   0.0026   0.0027   0.0026   0.0022   0.0016   0.0008        0
        0   0.0004   0.0008   0.0012   0.0014   0.0014   0.0014   0.0012   0.0008   0.0004        0
        0        0        0        0        0        0        0        0        0        0        0

