            0            0            0            0            0            0            0            0            0            0            0            0            0            0            0            0            0            0            0            0            0            0            0            0            0            0            0            0            0            0            0            0            0            0            0            0            0            0            0            0            0            0            0            0            0            0            0            0            0            0            0            0            0            0            0            0            0            0            0            0            0            0            0            0            0            0            0            0            0            0            0            0            0            0            0            0            0            0            0            0            0            0            0            0            0            0            0            0            0            0            0            0            0            0            0            0            0            0            0            0            0
            0  -2.1375e-08  -4.2730e-08  -6.4042e-08  -8.5291e-08  -1.0645e-07  -1.2751e-07  -1.4845e-07  -1.6923e-07  -1.8985e-07  -2.1028e-07  -2.3051e-07  -2.5050e-07  -2.7025e-07  -2.8974e-07  -3.0893e-07  -3.2782e-07  -3.4639e-07  -3.6462e-07  -3.8248e-07  -3.9997e-07  -4.1706e-07  -4.3375e-07  -4.5000e-07  -4.6581e-07  -4.8116e-07  -4.9603e-07  -5.1042e-07  -5.2430e-07  -5.3767e-07  -5.5050e-07  -5.6279e-07  -5.7453e-07  -5.8569e-07  -5.9628e-07  -6.0629e-07  -6.1569e-07  -6.2448e-07  -6.3266e-07  -6.4022e-07  -6.4714e-07  -6.5343e-07  -6.5907e-07  -6.6406e-07  -6.6839e-07  -6.7207e-07  -6.7508e-07  -6.7742e-07  -6.7910e-07  -6.8011e-07  -6.8044e-07  -6.8011e-07  -6.7910e-07  -6.7742e-07  -6.7508e-07  -6.7207e-07  -6.6839e-07  -6.6406e-07  -6.5907e-07  -6.5343e-07  -6.4714e-07  -6.4022e-07  -6.3266e-07  -6.2448e-07  -6.1569e-07  -6.0629e-07  -5.9628e-07  -5.8569e-07  -5.7453e-07  -5.6279e-07  -5.5050e-07  -5.3767e-07  -5.2430e-07  -5.1042e-07  -4.9603e-07  -4.8116e-07  -4.6581e-07  -4.5000e-07  -4.3375e-07  -4.1706e-07  -3.9997e-07  -3.8248e-07  -3.6462e-07  -3.4639e-07  -3.2782e-07  -3.0893e-07  -2.8974e-07  -2.7025e-07  -2.5050e-07  -2.3051e-07  -2.1028e-07  -1.8985e-07  -1.6923e-07  -1.4845e-07  -1.2751e-07  -1.0645e-07  -8.5291e-08  -6.4042e-08  -4.2730e-08  -2.1375e-08            0
            0  -4.2730e-08  -8.5417e-08  -1.2802e-07  -1.7050e-07  -2.1280e-07  -2.5490e-07  -2.9675e-07  -3.3830e-07  -3.7952e-07  -4.2036e-07  -4.6079e-07  -5.0076e-07  -5.4024e-07  -5.7918e-07  -6.1756e-07  -6.5532e-07  -6.9244e-07  -7.2887e-07  -7.6459e-07  -7.9954e-07  -8.3371e-07  -8.6706e-07  -8.9955e-07  -9.3116e-07  -9.6184e-07  -9.9158e-07  -1.0203e-06  -1.0481e-06  -1.0748e-06  -1.1005e-06  -1.1250e-06  -1.1485e-06  -1.1708e-06  -1.1920e-06  -1.2120e-06  -1.2308e-06  -1.2484e-06  -1.2647e-06  -1.2798e-06  -1.2936e-06  -1.3062e-06  -1.3175e-06  -1.3275e-06  -1.3361e-06  -1.3435e-06  -1.3495e-06  -1.3542e-06  -1.3575e-06  -1.3595e-06  -1.3602e-06  -1.3595e-06  -1.3575e-06  -1.3542e-06  -1.3495e-06  -1.3435e-06  -1.3361e-06  -1.3275e-06  -1.3175e-06  -1.3062e-06  -1.2936e-06  -1.2798e-06  -1.2647e-06  -1.2484e-06  -1.2308e-06  -1.2120e-06  -1.1920e-06  -1.1708e-06  -1.1485e-06  -1.1250e-06  -1.1005e-06  -1.0748e-06  -1.0481e-06  -1.0203e-06  -9.9158e-07  -9.6184e-07  -9.3116e-07  -8.9955e-07  -8.6706e-07  -8.3371e-07  -7.9954e-07  -7.6459e-07  -7.2887e-07  -6.9244e-07  -6.5532e-07  -6.1756e-07  -5.7918e-07  -5.4024e-07  -5.0076e-07  -4.6079e-07  -4.2036e-07  -3.7952e-07  -3.3830e-07  -2.9675e-07  -2.5490e-07  -2.1280e-07  -1.7050e-07  -1.2802e-07  -8.5417e-08  -4.2730e-08            0
            0  -6.4042e-08  -1.2802e-07  -1.9187e-07  -2.5553e-07  -3.1894e-07  -3.8204e-07  -4.4475e-07  -5.0703e-07  -5.6881e-07  -6.3002e-07  -6.9061e-07  -7.5052e-07  -8.0969e-07  -8.6806e-07  -9.2557e-07  -9.8217e-07  -1.0378e-06  -1.0924e-06  -1.1459e-06  -1.1983e-06  -1.2495e-06  -1.2995e-06  -1.3482e-06  -1.3956e-06  -1.4416e-06  -1.4861e-06  -1.5292e-06  -1.5708e-06  -1.6109e-06  -1.6493e-06  -1.6861e-06  -1.7213e-06  -1.7548e-06  -1.7865e-06  -1.8165e-06  -1.8446e-06  -1.8710e-06  -1.8955e-06  -1.9181e-06  -1.9389e-06  -1.9577e-06  -1.9746e-06  -1.9896e-06  -2.0025e-06  -2.0135e-06  -2.0226e-06  -2.0296e-06  -2.0346e-06  -2.0376e-06  -2.0386e-06  -2.0376e-06  -2.0346e-06  -2.0296e-06  -2.0226e-06  -2.0135e-06  -2.0025e-06  -1.9896e-06  -1.9746e-06  -1.9577e-06  -1.9389e-06  -1.9181e-06  -1.8955e-06  -1.8710e-06  -1.8446e-06  -1.8165e-06  -1.7865e-06  -1.7548e-06  -1.7213e-06  -1.6861e-06  -1.6493e-06  -1.6109e-06  -1.5708e-06  -1.5292e-06  -1.4861e-06  -1.4416e-06  -1.3956e-06  -1.3482e-06  -1.2995e-06  -1.2495e-06  -1.1983e-06  -1.1459e-06  -1.0924e-06  -1.0378e-06  -9.8217e-07  -9.2557e-07  -8.6806e-07  -8.0969e-07  -7.5052e-07  -6.9061e-07  -6.3002e-07  -5.6881e-07  -5.0703e-07  -4.4475e-07  -3.8204e-07  -3.1894e-07  -2.5553e-07  -1.9187e-07  -1.2802e-07  -6.4042e-08            0
            0  -8.5291e-08  -1.7050e-07  -2.5553e-07  -3.4032e-07  -4.2477e-07  -5.0880e-07  -5.9232e-07  -6.7526e-07  -7.5753e-07  -8.3906e-07  -9.1976e-07  -9.9954e-07  -1.0783e-06  -1.1561e-06  -1.2327e-06  -1.3081e-06  -1.3821e-06  -1.4549e-06  -1.5262e-06  -1.5959e-06  -1.6641e-06  -1.7307e-06  -1.7956e-06  -1.8586e-06  -1.9199e-06  -1.9792e-06  -2.0366e-06  -2.0920e-06  -2.1454e-06  -2.1966e-06  -2.2456e-06  -2.2924e-06  -2.3370e-06  -2.3792e-06  -2.4192e-06  -2.4567e-06  -2.4918e-06  -2.5244e-06  -2.5546e-06  -2.5822e-06  -2.6073e-06  -2.6298e-06  -2.6497e-06  -2.6670e-06  -2.6816e-06  -2.6937e-06  -2.7030e-06  -2.7097e-06  -2.7137e-06  -2.7151e-06  -2.7137e-06  -2.7097e-06  -2.7030e-06  -2.6937e-06  -2.6816e-06  -2.6670e-06  -2.6497e-06  -2.6298e-06  -2.6073e-06  -2.5822e-06  -2.5546e-06  -2.5244e-06  -2.4918e-06  -2.4567e-06  -2.4192e-06  -2.3792e-06  -2.3370e-06  -2.2924e-06  -2.2456e-06  -2.1966e-06  -2.1454e-06  -2.0920e-06  -2.0366e-06  -1.9792e-06  -1.9199e-06  -1.8586e-06  -1.7956e-06  -1.7307e-06  -1.6641e-06  -1.5959e-06  -1.5262e-06  -1.4549e-06  -1.3821e-06  -1.3081e-06  -1.2327e-06  -1.1561e-06  -1.0783e-06  -9.9954e-07  -9.1976e-07  -8.3906e-07  -7.5753e-07  -6.7526e-07  -5.9232e-07  -5.0880e-07  -4.2477e-07  -3.4032e-07  -2.5553e-07  -1.7050e-07  -8.5291e-08            0
            0  -1.0645e-07  -2.1280e-07  -3.1894e-07  -4.2477e-07  -5.3017e-07  -6.3505e-07  -7.3930e-07  -8.4282e-07  -9.4551e-07  -1.0473e-06  -1.1480e-06  -1.2476e-06  -1.3459e-06  -1.4430e-06  -1.5386e-06  -1.6326e-06  -1.7251e-06  -1.8159e-06  -1.9049e-06  -1.9920e-06  -2.0771e-06  -2.1602e-06  -2.2411e-06  -2.3199e-06  -2.3963e-06  -2.4704e-06  -2.5420e-06  -2.6112e-06  -2.6777e-06  -2.7416e-06  -2.8028e-06  -2.8613e-06  -2.9169e-06  -2.9697e-06  -3.0195e-06  -3.0663e-06  -3.1101e-06  -3.1508e-06  -3.1885e-06  -3.2229e-06  -3.2542e-06  -3.2823e-06  -3.3072e-06  -3.3288e-06  -3.3471e-06  -3.3621e-06  -3.3738e-06  -3.3821e-06  -3.3871e-06  -3.3888e-06  -3.3871e-06  -3.3821e-06  -3.3738e-06  -3.3621e-06  -3.3471e-06  -3.3288e-06  -3.3072e-06  -3.2823e-06  -3.2542e-06  -3.2229e-06  -3.1885e-06  -3.1508e-06  -3.1101e-06  -3.0663e-06  -3.0195e-06  -2.9697e-06  -2.9169e-06  -2.8613e-06  -2.8028e-06  -2.7416e-06  -2.6777e-06  -2.6112e-06  -2.5420e-06  -2.4704e-06  -2.3963e-06  -2.3199e-06  -2.2411e-06  -2.1602e-06  -2.0771e-06  -1.9920e-06  -1.9049e-06  -1.8159e-06  -1.7251e-06  -1.6326e-06  -1.5386e-06  -1.4430e-06  -1.3459e-06  -1.2476e-06  -1.1480e-06  -1.0473e-06  -9.4551e-07  -8.4282e-07  -7.3930e-07  -6.3505e-07  -5.3017e-07  -4.2477e-07  -3.1894e-07  -2.1280e-07  -1.0645e-07            0
            0  -1.2751e-07  -2.5490e-07  -3.8204e-07  -5.0880e-07  -6.3505e-07  -7.6068e-07  -8.8555e-07  -1.0096e-06  -1.1326e-06  -1.2544e-06  -1.3751e-06  -1.4944e-06  -1.6122e-06  -1.7284e-06  -1.8429e-06  -1.9556e-06  -2.0664e-06  -2.1751e-06  -2.2817e-06  -2.3860e-06  -2.4880e-06  -2.5875e-06  -2.6845e-06  -2.7788e-06  -2.8703e-06  -2.9591e-06  -3.0449e-06  -3.1277e-06  -3.2074e-06  -3.2840e-06  -3.3573e-06  -3.4273e-06  -3.4939e-06  -3.5571e-06  -3.6168e-06  -3.6729e-06  -3.7254e-06  -3.7742e-06  -3.8192e-06  -3.8605e-06  -3.8980e-06  -3.9317e-06  -3.9614e-06  -3.9873e-06  -4.0092e-06  -4.0272e-06  -4.0412e-06  -4.0512e-06  -4.0572e-06  -4.0592e-06  -4.0572e-06  -4.0512e-06  -4.0412e-06  -4.0272e-06  -4.0092e-06  -3.9873e-06  -3.9614e-06  -3.9317e-06  -3.8980e-06  -3.8605e-06  -3.8192e-06  -3.7742e-06  -3.7254e-06  -3.6729e-06  -3.6168e-06  -3.5571e-06  -3.4939e-06  -3.4273e-06  -3.3573e-06  -3.2840e-06  -3.2074e-06  -3.1277e-06  -3.0449e-06  -2.9591e-06  -2.8703e-06  -2.7788e-06  -2.6845e-06  -2.5875e-06  -2.4880e-06  -2.3860e-06  -2.2817e-06  -2.1751e-06  -2.0664e-06  -1.9556e-06  -1.8429e-06  -1.7284e-06  -1.6122e-06  -1.4944e-06  -1.3751e-06  -1.2544e-06  -1.1326e-06  -1.0096e-06  -8.8555e-07  -7.6068e-07  -6.3505e-07  -5.0880e-07  -3.8204e-07  -2.5490e-07  -1.2751e-07            0
            0  -1.4845e-07  -2.9675e-07  -4.4475e-07  -5.9232e-07  -7.3930e-07  -8.8555e-07  -1.0309e-06  -1.1753e-06  -1.3185e-06  -1.4604e-06  -1.6008e-06  -1.7397e-06  -1.8769e-06  -2.0122e-06  -2.1455e-06  -2.2767e-06  -2.4056e-06  -2.5322e-06  -2.6563e-06  -2.7777e-06  -2.8964e-06  -3.0123e-06  -3.1252e-06  -3.2350e-06  -3.3416e-06  -3.4449e-06  -3.5448e-06  -3.6412e-06  -3.7340e-06  -3.8231e-06  -3.9085e-06  -3.9900e-06  -4.0675e-06  -4.1411e-06  -4.2105e-06  -4.2758e-06  -4.3369e-06  -4.3937e-06  -4.4462e-06  -4.4943e-06  -4.5379e-06  -4.5771e-06  -4.6118e-06  -4.6419e-06  -4.6674e-06  -4.6883e-06  -4.7046e-06  -4.7162e-06  -4.7232e-06  -4.7256e-06  -4.7232e-06  -4.7162e-06  -4.7046e-06  -4.6883e-06  -4.6674e-06  -4.6419e-06  -4.6118e-06  -4.5771e-06  -4.5379e-06  -4.4943e-06  -4.4462e-06  -4.3937e-06  -4.3369e-06  -4.2758e-06  -4.2105e-06  -4.1411e-06  -4.0675e-06  -3.9900e-06  -3.9085e-06  -3.8231e-06  -3.7340e-06  -3.6412e-06  -3.5448e-06  -3.4449e-06  -3.3416e-06  -3.2350e-06  -3.1252e-06  -3.0123e-06  -2.8964e-06  -2.7777e-06  -2.6563e-06  -2.5322e-06  -2.4056e-06  -2.2767e-06  -2.1455e-06  -2.0122e-06  -1.8769e-06  -1.7397e-06  -1.6008e-06  -1.4604e-06  -1.3185e-06  -1.1753e-06  -1.0309e-06  -8.8555e-07  -7.3930e-07  -5.9232e-07  -4.4475e-07  -2.9675e-07  -1.4845e-07            0
            0  -1.6923e-07  -3.3830e-07  -5.0703e-07  -6.7526e-07  -8.4282e-07  -1.0096e-06  -1.1753e-06  -1.3399e-06  -1.5031e-06  -1.6649e-06  -1.8250e-06  -1.9833e-06  -2.1397e-06  -2.2939e-06  -2.4459e-06  -2.5955e-06  -2.7425e-06  -2.8868e-06  -3.0282e-06  -3.1667e-06  -3.3020e-06  -3.4341e-06  -3.5628e-06  -3.6879e-06  -3.8095e-06  -3.9272e-06  -4.0411e-06  -4.1510e-06  -4.2569e-06  -4.3585e-06  -4.4558e-06  -4.5487e-06  -4.6371e-06  -4.7210e-06  -4.8001e-06  -4.8746e-06  -4.9442e-06  -5.0090e-06  -5.0688e-06  -5.1236e-06  -5.1734e-06  -5.2180e-06  -5.2575e-06  -5.2919e-06  -5.3210e-06  -5.3448e-06  -5.3634e-06  -5.3767e-06  -5.3846e-06  -5.3873e-06  -5.3846e-06  -5.3767e-06  -5.3634e-06  -5.3448e-06  -5.3210e-06  -5.2919e-06  -5.2575e-06  -5.2180e-06  -5.1734e-06  -5.1236e-06  -5.0688e-06  -5.0090e-06  -4.9442e-06  -4.8746e-06  -4.8001e-06  -4.7210e-06  -4.6371e-06  -4.5487e-06  -4.4558e-06  -4.3585e-06  -4.2569e-06  -4.1510e-06  -4.0411e-06  -3.9272e-06  -3.8095e-06  -3.6879e-06  -3.5628e-06  -3.4341e-06  -3.3020e-06  -3.1667e-06  -3.0282e-06  -2.8868e-06  -2.7425e-06  -2.5955e-06  -2.4459e-06  -2.2939e-06  -2.1397e-06  -1.9833e-06  -1.8250e-06  -1.6649e-06  -1.5031e-06  -1.3399e-06  -1.1753e-06  -1.0096e-06  -8.4282e-07  -6.7526e-07  -5.0703e-07  -3.3830e-07  -1.6923e-07            0
            0  -1.8985e-07  -3.7952e-07  -5.6881e-07  -7.5753e-07  -9.4551e-07  -1.1326e-06  -1.3185e-06  -1.5031e-06  -1.6862e-06  -1.8677e-06  -2.0473e-06  -2.2249e-06  -2.4004e-06  -2.5734e-06  -2.7439e-06  -2.9117e-06  -3.0766e-06  -3.2385e-06  -3.3972e-06  -3.5525e-06  -3.7043e-06  -3.8525e-06  -3.9969e-06  -4.1373e-06  -4.2736e-06  -4.4057e-06  -4.5335e-06  -4.6568e-06  -4.7755e-06  -4.8895e-06  -4.9987e-06  -5.1029e-06  -5.2021e-06  -5.2962e-06  -5.3850e-06  -5.4685e-06  -5.5466e-06  -5.6193e-06  -5.6864e-06  -5.7479e-06  -5.8037e-06  -5.8538e-06  -5.8981e-06  -5.9366e-06  -5.9693e-06  -5.9960e-06  -6.0169e-06  -6.0318e-06  -6.0407e-06  -6.0437e-06  -6.0407e-06  -6.0318e-06  -6.0169e-06  -5.9960e-06  -5.9693e-06  -5.9366e-06  -5.8981e-06  -5.8538e-06  -5.8037e-06  -5.7479e-06  -5.6864e-06  -5.6193e-06  -5.5466e-06  -5.4685e-06  -5.3850e-06  -5.2962e-06  -5.2021e-06  -5.1029e-06  -4.9987e-06  -4.8895e-06  -4.7755e-06  -4.6568e-06  -4.5335e-06  -4.4057e-06  -4.2736e-06  -4.1373e-06  -3.9969e-06  -3.8525e-06  -3.7043e-06  -3.5525e-06  -3.3972e-06  -3.2385e-06  -3.0766e-06  -2.9117e-06  -2.7439e-06  -2.5734e-06  -2.4004e-06  -2.2249e-06  -2.0473e-06  -1.8677e-06  -1.6862e-06  -1.5031e-06  -1.3185e-06  -1.1326e-06  -9.4551e-07  -7.5753e-07  -5.6881e-07  -3.7952e-07  -1.8985e-07            0
            0  -2.1028e-07  -4.2036e-07  -6.3002e-07  -8.3906e-07  -1.0473e-06  -1.2544e-06  -1.4604e-06  -1.6649e-06  -1.8677e-06  -2.0687e-06  -2.2677e-06  -2.4644e-06  -2.6587e-06  -2.8503e-06  -3.0392e-06  -3.2250e-06  -3.4077e-06  -3.5870e-06  -3.7628e-06  -3.9348e-06  -4.1030e-06  -4.2671e-06  -4.4270e-06  -4.5825e-06  -4.7335e-06  -4.8799e-06  -5.0214e-06  -5.1580e-06  -5.2895e-06  -5.4157e-06  -5.5366e-06  -5.6521e-06  -5.7620e-06  -5.8661e-06  -5.9645e-06  -6.0570e-06  -6.1436e-06  -6.2241e-06  -6.2984e-06  -6.3665e-06  -6.4283e-06  -6.4838e-06  -6.5329e-06  -6.5755e-06  -6.6117e-06  -6.6413e-06  -6.6644e-06  -6.6809e-06  -6.6908e-06  -6.6941e-06  -6.6908e-06  -6.6809e-06  -6.6644e-06  -6.6413e-06  -6.6117e-06  -6.5755e-06  -6.5329e-06  -6.4838e-06  -6.4283e-06  -6.3665e-06  -6.2984e-06  -6.2241e-06  -6.1436e-06  -6.0570e-06  -5.9645e-06  -5.8661e-06  -5.7620e-06  -5.6521e-06  -5.5366e-06  -5.4157e-06  -5.2895e-06  -5.1580e-06  -5.0214e-06  -4.8799e-06  -4.7335e-06  -4.5825e-06  -4.4270e-06  -4.2671e-06  -4.1030e-06  -3.9348e-06  -3.7628e-06  -3.5870e-06  -3.4077e-06  -3.2250e-06  -3.0392e-06  -2.8503e-06  -2.6587e-06  -2.4644e-06  -2.2677e-06  -2.0687e-06  -1.8677e-06  -1.6649e-06  -1.4604e-06  -1.2544e-06  -1.0473e-06  -8.3906e-07  -6.3002e-07  -4.2036e-07  -2.1028e-07            0
            0  -2.3051e-07  -4.6079e-07  -6.9061e-07  -9.1976e-07  -1.1480e-06  -1.3751e-06  -1.6008e-06  -1.8250e-06  -2.0473e-06  -2.2677e-06  -2.4858e-06  -2.7014e-06  -2.9144e-06  -3.1245e-06  -3.3315e-06  -3.5352e-06  -3.7355e-06  -3.9320e-06  -4.1247e-06  -4.3133e-06  -4.4976e-06  -4.6775e-06  -4.8528e-06  -5.0233e-06  -5.1888e-06  -5.3492e-06  -5.5044e-06  -5.6541e-06  -5.7982e-06  -5.9366e-06  -6.0691e-06  -6.1957e-06  -6.3161e-06  -6.4303e-06  -6.5382e-06  -6.6396e-06  -6.7345e-06  -6.8227e-06  -6.9041e-06  -6.9788e-06  -7.0466e-06  -7.1074e-06  -7.1612e-06  -7.2080e-06  -7.2476e-06  -7.2801e-06  -7.3054e-06  -7.3234e-06  -7.3343e-06  -7.3379e-06  -7.3343e-06  -7.3234e-06  -7.3054e-06  -7.2801e-06  -7.2476e-06  -7.2080e-06  -7.1612e-06  -7.1074e-06  -7.0466e-06  -6.9788e-06  -6.9041e-06  -6.8227e-06  -6.7345e-06  -6.6396e-06  -6.5382e-06  -6.4303e-06  -6.3161e-06  -6.1957e-06  -6.0691e-06  -5.9366e-06  -5.7982e-06  -5.6541e-06  -5.5044e-06  -5.3492e-06  -5.1888e-06  -5.0233e-06  -4.8528e-06  -4.6775e-06  -4.4976e-06  -4.3133e-06  -4.1247e-06  -3.9320e-06  -3.7355e-06  -3.5352e-06  -3.3315e-06  -3.1245e-06  -2.9144e-06  -2.7014e-06  -2.4858e-06  -2.2677e-06  -2.0473e-06  -1.8250e-06  -1.6008e-06  -1.3751e-06  -1.1480e-06  -9.1976e-07  -6.9061e-07  -4.6079e-07  -2.3051e-07            0
            0  -2.5050e-07  -5.0076e-07  -7.5052e-07  -9.9954e-07  -1.2476e-06  -1.4944e-06  -1.7397e-06  -1.9833e-06  -2.2249e-06  -2.4644e-06  -2.7014e-06  -2.9358e-06  -3.1672e-06  -3.3955e-06  -3.6205e-06  -3.8419e-06  -4.0595e-06  -4.2731e-06  -4.4825e-06  -4.6874e-06  -4.8878e-06  -5.0833e-06  -5.2738e-06  -5.4590e-06  -5.6389e-06  -5.8133e-06  -5.9819e-06  -6.1446e-06  -6.3012e-06  -6.4516e-06  -6.5956e-06  -6.7332e-06  -6.8641e-06  -6.9882e-06  -7.1054e-06  -7.2156e-06  -7.3187e-06  -7.4145e-06  -7.5031e-06  -7.5842e-06  -7.6579e-06  -7.7240e-06  -7.7825e-06  -7.8333e-06  -7.8763e-06  -7.9116e-06  -7.9391e-06  -7.9588e-06  -7.9706e-06  -7.9745e-06  -7.9706e-06  -7.9588e-06  -7.9391e-06  -7.9116e-06  -7.8763e-06  -7.8333e-06  -7.7825e-06  -7.7240e-06  -7.6579e-06  -7.5842e-06  -7.5031e-06  -7.4145e-06  -7.3187e-06  -7.2156e-06  -7.1054e-06  -6.9882e-06  -6.8641e-06  -6.7332e-06  -6.5956e-06  -6.4516e-06  -6.3012e-06  -6.1446e-06  -5.9819e-06  -5.8133e-06  -5.6389e-06  -5.4590e-06  -5.2738e-06  -5.0833e-06  -4.8878e-06  -4.6874e-06  -4.4825e-06  -4.2731e-06  -4.0595e-06  -3.8419e-06  -3.6205e-06  -3.3955e-06  -3.1672e-06  -2.9358e-06  -2.7014e-06  -2.4644e-06  -2.2249e-06  -1.9833e-06  -1.7397e-06  -1.4944e-06  -1.2476e-06  -9.9954e-07  -7.5052e-07  -5.0076e-07  -2.5050e-07            0
            0  -2.7025e-07  -5.4024e-07  -8.0969e-07  -1.0783e-06  -1.3459e-06  -1.6122e-06  -1.8769e-06  -2.1397e-06  -2.4004e-06  -2.6587e-06  -2.9144e-06  -3.1672e-06  -3.4169e-06  -3.6632e-06  -3.9059e-06  -4.1448e-06  -4.3795e-06  -4.6100e-06  -4.8359e-06  -5.0570e-06  -5.2731e-06  -5.4840e-06  -5.6895e-06  -5.8894e-06  -6.0835e-06  -6.2716e-06  -6.4535e-06  -6.6290e-06  -6.7980e-06  -6.9602e-06  -7.1156e-06  -7.2640e-06  -7.4052e-06  -7.5391e-06  -7.6656e-06  -7.7845e-06  -7.8957e-06  -7.9991e-06  -8.0946e-06  -8.1822e-06  -8.2616e-06  -8.3329e-06  -8.3960e-06  -8.4508e-06  -8.4973e-06  -8.5354e-06  -8.5650e-06  -8.5862e-06  -8.5990e-06  -8.6032e-06  -8.5990e-06  -8.5862e-06  -8.5650e-06  -8.5354e-06  -8.4973e-06  -8.4508e-06  -8.3960e-06  -8.3329e-06  -8.2616e-06  -8.1822e-06  -8.0946e-06  -7.9991e-06  -7.8957e-06  -7.7845e-06  -7.6656e-06  -7.5391e-06  -7.4052e-06  -7.2640e-06  -7.1156e-06  -6.9602e-06  -6.7980e-06  -6.6290e-06  -6.4535e-06  -6.2716e-06  -6.0835e-06  -5.8894e-06  -5.6895e-06  -5.4840e-06  -5.2731e-06  -5.0570e-06  -4.8359e-06  -4.6100e-06  -4.3795e-06  -4.1448e-06  -3.9059e-06  -3.6632e-06  -3.4169e-06  -3.1672e-06  -2.9144e-06  -2.6587e-06  -2.4004e-06  -2.1397e-06  -1.8769e-06  -1.6122e-06  -1.3459e-06  -1.0783e-06  -8.0969e-07  -5.4024e-07  -2.7025e-07            0
            0  -2.8974e-07  -5.7918e-07  -8.6806e-07  -1.1561e-06  -1.4430e-06  -1.7284e-06  -2.0122e-06  -2.2939e-06  -2.5734e-06  -2.8503e-06  -3.1245e-06  -3.3955e-06  -3.6632e-06  -3.9273e-06  -4.1875e-06  -4.4436e-06  -4.6953e-06  -4.9423e-06  -5.1845e-06  -5.4215e-06  -5.6533e-06  -5.8794e-06  -6.0997e-06  -6.3140e-06  -6.5221e-06  -6.7237e-06  -6.9187e-06  -7.1069e-06  -7.2880e-06  -7.4620e-06  -7.6286e-06  -7.7877e-06  -7.9391e-06  -8.0826e-06  -8.2182e-06  -8.3457e-06  -8.4649e-06  -8.5758e-06  -8.6782e-06  -8.7720e-06  -8.8572e-06  -8.9337e-06  -9.0013e-06  -9.0601e-06  -9.1099e-06  -9.1507e-06  -9.1825e-06  -9.2052e-06  -9.2189e-06  -9.2234e-06  -9.2189e-06  -9.2052e-06  -9.1825e-06  -9.1507e-06  -9.1099e-06  -9.0601e-06  -9.0013e-06  -8.9337e-06  -8.8572e-06  -8.7720e-06  -8.6782e-06  -8.5758e-06  -8.4649e-06  -8.3457e-06  -8.2182e-06  -8.0826e-06  -7.9391e-06  -7.7877e-06  -7.6286e-06  -7.4620e-06  -7.2880e-06  -7.1069e-06  -6.9187e-06  -6.7237e-06  -6.5221e-06  -6.3140e-06  -6.0997e-06  -5.8794e-06  -5.6533e-06  -5.4215e-06  -5.1845e-06  -4.9423e-06  -4.6953e-06  -4.4436e-06  -4.1875e-06  -3.9273e-06  -3.6632e-06  -3.3955e-06  -3.1245e-06  -2.8503e-06  -2.5734e-06  -2.2939e-06  -2.0122e-06  -1.7284e-06  -1.4430e-06  -1.1561e-06  -8.6806e-07  -5.7918e-07  -2.8974e-07            0
            0  -3.0893e-07  -6.1756e-07  -9.2557e-07  -1.2327e-06  -1.5386e-06  -1.8429e-06  -2.1455e-06  -2.4459e-06  -2.7439e-06  -3.0392e-06  -3.3315e-06  -3.6205e-06  -3.9059e-06  -4.1875e-06  -4.4650e-06  -4.7380e-06  -5.0064e-06  -5.2698e-06  -5.5280e-06  -5.7808e-06  -6.0278e-06  -6.2689e-06  -6.5038e-06  -6.7323e-06  -6.9542e-06  -7.1692e-06  -7.3771e-06  -7.5777e-06  -7.7709e-06  -7.9564e-06  -8.1340e-06  -8.3037e-06  -8.4651e-06  -8.6181e-06  -8.7627e-06  -8.8986e-06  -9.0257e-06  -9.1440e-06  -9.2532e-06  -9.3532e-06  -9.4441e-06  -9.5256e-06  -9.5977e-06  -9.6604e-06  -9.7135e-06  -9.7570e-06  -9.7909e-06  -9.8151e-06  -9.8297e-06  -9.8345e-06  -9.8297e-06  -9.8151e-06  -9.7909e-06  -9.7570e-06  -9.7135e-06  -9.6604e-06  -9.5977e-06  -9.5256e-06  -9.4441e-06  -9.3532e-06  -9.2532e-06  -9.1440e-06  -9.0257e-06  -8.8986e-06  -8.7627e-06  -8.6181e-06  -8.4651e-06  -8.3037e-06  -8.1340e-06  -7.9564e-06  -7.7709e-06  -7.5777e-06  -7.3771e-06  -7.1692e-06  -6.9542e-06  -6.7323e-06  -6.5038e-06  -6.2689e-06  -6.0278e-06  -5.7808e-06  -5.5280e-06  -5.2698e-06  -5.0064e-06  -4.7380e-06  -4.4650e-06  -4.1875e-06  -3.9059e-06  -3.6205e-06  -3.3315e-06  -3.0392e-06  -2.7439e-06  -2.4459e-06  -2.1455e-06  -1.8429e-06  -1.5386e-06  -1.2327e-06  -9.2557e-07  -6.1756e-07  -3.0893e-07            0
            0  -3.2782e-07  -6.5532e-07  -9.8217e-07  -1.3081e-06  -1.6326e-06  -1.9556e-06  -2.2767e-06  -2.5955e-06  -2.9117e-06  -3.2250e-06  -3.5352e-06  -3.8419e-06  -4.1448e-06  -4.4436e-06  -4.7380e-06  -5.0277e-06  -5.3125e-06  -5.5920e-06  -5.8660e-06  -6.1343e-06  -6.3964e-06  -6.6523e-06  -6.9016e-06  -7.1440e-06  -7.3795e-06  -7.6076e-06  -7.8282e-06  -8.0411e-06  -8.2461e-06  -8.4430e-06  -8.6315e-06  -8.8114e-06  -8.9827e-06  -9.1452e-06  -9.2986e-06  -9.4428e-06  -9.5777e-06  -9.7031e-06  -9.8190e-06  -9.9252e-06  -1.0022e-05  -1.0108e-05  -1.0185e-05  -1.0251e-05  -1.0307e-05  -1.0354e-05  -1.0390e-05  -1.0415e-05  -1.0431e-05  -1.0436e-05  -1.0431e-05  -1.0415e-05  -1.0390e-05  -1.0354e-05  -1.0307e-05  -1.0251e-05  -1.0185e-05  -1.0108e-05  -1.0022e-05  -9.9252e-06  -9.8190e-06  -9.7031e-06  -9.5777e-06  -9.4428e-06  -9.2986e-06  -9.1452e-06  -8.9827e-06  -8.8114e-06  -8.6315e-06  -8.4430e-06  -8.2461e-06  -8.0411e-06  -7.8282e-06  -7.6076e-06  -7.3795e-06  -7.1440e-06  -6.9016e-06  -6.6523e-06  -6.3964e-06  -6.1343e-06  -5.8660e-06  -5.5920e-06  -5.3125e-06  -5.0277e-06  -4.7380e-06  -4.4436e-06  -4.1448e-06  -3.8419e-06  -3.5352e-06  -3.2250e-06  -2.9117e-06  -2.5955e-06  -2.2767e-06  -1.9556e-06  -1.6326e-06  -1.3081e-06  -9.8217e-07  -6.5532e-07  -3.2782e-07            0
            0  -3.4639e-07  -6.9244e-07  -1.0378e-06  -1.3821e-06  -1.7251e-06  -2.0664e-06  -2.4056e-06  -2.7425e-06  -3.0766e-06  -3.4077e-06  -3.7355e-06  -4.0595e-06  -4.3795e-06  -4.6953e-06  -5.0064e-06  -5.3125e-06  -5.6134e-06  -5.9088e-06  -6.1983e-06  -6.4817e-06  -6.7587e-06  -7.0291e-06  -7.2925e-06  -7.5487e-06  -7.7974e-06  -8.0385e-06  -8.2716e-06  -8.4966e-06  -8.7132e-06  -8.9212e-06  -9.1203e-06  -9.3105e-06  -9.4915e-06  -9.6631e-06  -9.8252e-06  -9.9776e-06  -1.0120e-05  -1.0253e-05  -1.0375e-05  -1.0487e-05  -1.0589e-05  -1.0681e-05  -1.0761e-05  -1.0832e-05  -1.0891e-05  -1.0940e-05  -1.0978e-05  -1.1005e-05  -1.1022e-05  -1.1027e-05  -1.1022e-05  -1.1005e-05  -1.0978e-05  -1.0940e-05  -1.0891e-05  -1.0832e-05  -1.0761e-05  -1.0681e-05  -1.0589e-05  -1.0487e-05  -1.0375e-05  -1.0253e-05  -1.0120e-05  -9.9776e-06  -9.8252e-06  -9.6631e-06  -9.4915e-06  -9.3105e-06  -9.1203e-06  -8.9212e-06  -8.7132e-06  -8.4966e-06  -8.2716e-06  -8.0385e-06  -7.7974e-06  -7.5487e-06  -7.2925e-06  -7.0291e-06  -6.7587e-06  -6.4817e-06  -6.1983e-06  -5.9088e-06  -5.6134e-06  -5.3125e-06  -5.0064e-06  -4.6953e-06  -4.3795e-06  -4.0595e-06  -3.7355e-06  -3.4077e-06  -3.0766e-06  -2.7425e-06  -2.4056e-06  -2.0664e-06  -1.7251e-06  -1.3821e-06  -1.0378e-06  -6.9244e-07  -3.4639e-07            0
            0  -3.6462e-07  -7.2887e-07  -1.0924e-06  -1.4549e-06  -1.8159e-06  -2.1751e-06  -2.5322e-06  -2.8868e-06  -3.2385e-06  -3.5870e-06  -3.9320e-06  -4.2731e-06  -4.6100e-06  -4.9423e-06  -5.2698e-06  -5.5920e-06  -5.9088e-06  -6.2197e-06  -6.5244e-06  -6.8228e-06  -7.1143e-06  -7.3989e-06  -7.6762e-06  -7.9459e-06  -8.2077e-06  -8.4615e-06  -8.7069e-06  -8.9437e-06  -9.1716e-06  -9.3906e-06  -9.6002e-06  -9.8004e-06  -9.9909e-06  -1.0172e-05  -1.0342e-05  -1.0503e-05  -1.0653e-05  -1.0792e-05  -1.0921e-05  -1.1039e-05  -1.1146e-05  -1.1243e-05  -1.1328e-05  -1.1402e-05  -1.1464e-05  -1.1516e-05  -1.1556e-05  -1.1584e-05  -1.1602e-05  -1.1607e-05  -1.1602e-05  -1.1584e-05  -1.1556e-05  -1.1516e-05  -1.1464e-05  -1.1402e-05  -1.1328e-05  -1.1243e-05  -1.1146e-05  -1.1039e-05  -1.0921e-05  -1.0792e-05  -1.0653e-05  -1.0503e-05  -1.0342e-05  -1.0172e-05  -9.9909e-06  -9.8004e-06  -9.6002e-06  -9.3906e-06  -9.1716e-06  -8.9437e-06  -8.7069e-06  -8.4615e-06  -8.2077e-06  -7.9459e-06  -7.6762e-06  -7.3989e-06  -7.1143e-06  -6.8228e-06  -6.5244e-06  -6.2197e-06  -5.9088e-06  -5.5920e-06  -5.2698e-06  -4.9423e-06  -4.6100e-06  -4.2731e-06  -3.9320e-06  -3.5870e-06  -3.2385e-06  -2.8868e-06  -2.5322e-06  -2.1751e-06  -1.8159e-06  -1.4549e-06  -1.0924e-06  -7.2887e-07  -3.6462e-07            0
            0  -3.8248e-07  -7.6459e-07  -1.1459e-06  -1.5262e-06  -1.9049e-06  -2.2817e-06  -2.6563e-06  -3.0282e-06  -3.3972e-06  -3.7628e-06  -4.1247e-06  -4.4825e-06  -4.8359e-06  -5.1845e-06  -5.5280e-06  -5.8660e-06  -6.1983e-06  -6.5244e-06  -6.8441e-06  -7.1571e-06  -7.4629e-06  -7.7615e-06  -8.0523e-06  -8.3352e-06  -8.6099e-06  -8.8761e-06  -9.1335e-06  -9.3819e-06  -9.6211e-06  -9.8507e-06  -1.0071e-05  -1.0281e-05  -1.0480e-05  -1.0670e-05  -1.0849e-05  -1.1017e-05  -1.1175e-05  -1.1321e-05  -1.1456e-05  -1.1580e-05  -1.1693e-05  -1.1794e-05  -1.1883e-05  -1.1960e-05  -1.2026e-05  -1.2080e-05  -1.2122e-05  -1.2152e-05  -1.2170e-05  -1.2176e-05  -1.2170e-05  -1.2152e-05  -1.2122e-05  -1.2080e-05  -1.2026e-05  -1.1960e-05  -1.1883e-05  -1.1794e-05  -1.1693e-05  -1.1580e-05  -1.1456e-05  -1.1321e-05  -1.1175e-05  -1.1017e-05  -1.0849e-05  -1.0670e-05  -1.0480e-05  -1.0281e-05  -1.0071e-05  -9.8507e-06  -9.6211e-06  -9.3819e-06  -9.1335e-06  -8.8761e-06  -8.6099e-06  -8.3352e-06  -8.0523e-06  -7.7615e-06  -7.4629e-06  -7.1571e-06  -6.8441e-06  -6.5244e-06  -6.1983e-06  -5.8660e-06  -5.5280e-06  -5.1845e-06  -4.8359e-06  -4.4825e-06  -4.1247e-06  -3.7628e-06  -3.3972e-06  -3.0282e-06  -2.6563e-06  -2.2817e-06  -1.9049e-06  -1.5262e-06  -1.1459e-06  -7.6459e-07  -3.8248e-07            0
            0  -3.9997e-07  -7.9954e-07  -1.1983e-06  -1.5959e-06  -1.9920e-06  -2.3860e-06  -2.7777e-06  -3.1667e-06  -3.5525e-06  -3.9348e-06  -4.3133e-06  -4.6874e-06  -5.0570e-06  -5.4215e-06  -5.7808e-06  -6.1343e-06  -6.4817e-06  -6.8228e-06  -7.1571e-06  -7.4843e-06  -7.8042e-06  -8.1163e-06  -8.4205e-06  -8.7163e-06  -9.0036e-06  -9.2819e-06  -9.5511e-06  -9.8109e-06  -1.0061e-05  -1.0301e-05  -1.0531e-05  -1.0751e-05  -1.0960e-05  -1.1158e-05  -1.1345e-05  -1.1521e-05  -1.1686e-05  -1.1839e-05  -1.1980e-05  -1.2110e-05  -1.2227e-05  -1.2333e-05  -1.2426e-05  -1.2507e-05  -1.2576e-05  -1.2632e-05  -1.2676e-05  -1.2708e-05  -1.2726e-05  -1.2733e-05  -1.2726e-05  -1.2708e-05  -1.2676e-05  -1.2632e-05  -1.2576e-05  -1.2507e-05  -1.2426e-05  -1.2333e-05  -1.2227e-05  -1.2110e-05  -1.1980e-05  -1.1839e-05  -1.1686e-05  -1.1521e-05  -1.1345e-05  -1.1158e-05  -1.0960e-05  -1.0751e-05  -1.0531e-05  -1.0301e-05  -1.0061e-05  -9.8109e-06  -9.5511e-06  -9.2819e-06  -9.0036e-06  -8.7163e-06  -8.4205e-06  -8.1163e-06  -7.8042e-06  -7.4843e-06  -7.1571e-06  -6.8228e-06  -6.4817e-06  -6.1343e-06  -5.7808e-06  -5.4215e-06  -5.0570e-06  -4.6874e-06  -4.3133e-06  -3.9348e-06  -3.5525e-06  -3.1667e-06  -2.7777e-06  -2.3860e-06  -1.9920e-06  -1.5959e-06  -1.1983e-06  -7.9954e-07  -3.9997e-07            0
            0  -4.1706e-07  -8.3371e-07  -1.2495e-06  -1.6641e-06  -2.0771e-06  -2.4880e-06  -2.8964e-06  -3.3020e-06  -3.7043e-06  -4.1030e-06  -4.4976e-06  -4.8878e-06  -5.2731e-06  -5.6533e-06  -6.0278e-06  -6.3964e-06  -6.7587e-06  -7.1143e-06  -7.4629e-06  -7.8042e-06  -8.1377e-06  -8.4632e-06  -8.7804e-06  -9.0889e-06  -9.3884e-06  -9.6786e-06  -9.9593e-06  -1.0230e-05  -1.0491e-05  -1.0741e-05  -1.0981e-05  -1.1210e-05  -1.1428e-05  -1.1635e-05  -1.1830e-05  -1.2013e-05  -1.2185e-05  -1.2345e-05  -1.2492e-05  -1.2627e-05  -1.2750e-05  -1.2860e-05  -1.2957e-05  -1.3042e-05  -1.3114e-05  -1.3172e-05  -1.3218e-05  -1.3251e-05  -1.3270e-05  -1.3277e-05  -1.3270e-05  -1.3251e-05  -1.3218e-05  -1.3172e-05  -1.3114e-05  -1.3042e-05  -1.2957e-05  -1.2860e-05  -1.2750e-05  -1.2627e-05  -1.2492e-05  -1.2345e-05  -1.2185e-05  -1.2013e-05  -1.1830e-05  -1.1635e-05  -1.1428e-05  -1.1210e-05  -1.0981e-05  -1.0741e-05  -1.0491e-05  -1.0230e-05  -9.9593e-06  -9.6786e-06  -9.3884e-06  -9.0889e-06  -8.7804e-06  -8.4632e-06  -8.1377e-06  -7.8042e-06  -7.4629e-06  -7.1143e-06  -6.7587e-06  -6.3964e-06  -6.0278e-06  -5.6533e-06  -5.2731e-06  -4.8878e-06  -4.4976e-06  -4.1030e-06  -3.7043e-06  -3.3020e-06  -2.8964e-06  -2.4880e-06  -2.0771e-06  -1.6641e-06  -1.2495e-06  -8.3371e-07  -4.1706e-07            0
            0  -4.3375e-07  -8.6706e-07  -1.2995e-06  -1.7307e-06  -2.1602e-06  -2.5875e-06  -3.0123e-06  -3.4341e-06  -3.8525e-06  -4.2671e-06  -4.6775e-06  -5.0833e-06  -5.4840e-06  -5.8794e-06  -6.2689e-06  -6.6523e-06  -7.0291e-06  -7.3989e-06  -7.7615e-06  -8.1163e-06  -8.4632e-06  -8.8017e-06  -9.1316e-06  -9.4524e-06  -9.7639e-06  -1.0066e-05  -1.0358e-05  -1.0639e-05  -1.0911e-05  -1.1171e-05  -1.1420e-05  -1.1659e-05  -1.1885e-05  -1.2100e-05  -1.2303e-05  -1.2494e-05  -1.2672e-05  -1.2838e-05  -1.2992e-05  -1.3132e-05  -1.3260e-05  -1.3374e-05  -1.3476e-05  -1.3563e-05  -1.3638e-05  -1.3699e-05  -1.3747e-05  -1.3781e-05  -1.3801e-05  -1.3808e-05  -1.3801e-05  -1.3781e-05  -1.3747e-05  -1.3699e-05  -1.3638e-05  -1.3563e-05  -1.3476e-05  -1.3374e-05  -1.3260e-05  -1.3132e-05  -1.2992e-05  -1.2838e-05  -1.2672e-05  -1.2494e-05  -1.2303e-05  -1.2100e-05  -1.1885e-05  -1.1659e-05  -1.1420e-05  -1.1171e-05  -1.0911e-05  -1.0639e-05  -1.0358e-05  -1.0066e-05  -9.7639e-06  -9.4524e-06  -9.1316e-06  -8.8017e-06  -8.4632e-06  -8.1163e-06  -7.7615e-06  -7.3989e-06  -7.0291e-06  -6.6523e-06  -6.2689e-06  -5.8794e-06  -5.4840e-06  -5.0833e-06  -4.6775e-06  -4.2671e-06  -3.8525e-06  -3.4341e-06  -3.0123e-06  -2.5875e-06  -2.1602e-06  -1.7307e-06  -1.2995e-06  -8.6706e-07  -4.3375e-07            0
            0  -4.5000e-07  -8.9955e-07  -1.3482e-06  -1.7956e-06  -2.2411e-06  -2.6845e-06  -3.1252e-06  -3.5628e-06  -3.9969e-06  -4.4270e-06  -4.8528e-06  -5.2738e-06  -5.6895e-06  -6.0997e-06  -6.5038e-06  -6.9016e-06  -7.2925e-06  -7.6762e-06  -8.0523e-06  -8.4205e-06  -8.7804e-06  -9.1316e-06  -9.4738e-06  -9.8066e-06  -1.0130e-05  -1.0443e-05  -1.0746e-05  -1.1038e-05  -1.1319e-05  -1.1590e-05  -1.1848e-05  -1.2096e-05  -1.2331e-05  -1.2554e-05  -1.2764e-05  -1.2962e-05  -1.3147e-05  -1.3320e-05  -1.3479e-05  -1.3624e-05  -1.3757e-05  -1.3875e-05  -1.3980e-05  -1.4072e-05  -1.4149e-05  -1.4213e-05  -1.4262e-05  -1.4297e-05  -1.4318e-05  -1.4325e-05  -1.4318e-05  -1.4297e-05  -1.4262e-05  -1.4213e-05  -1.4149e-05  -1.4072e-05  -1.3980e-05  -1.3875e-05  -1.3757e-05  -1.3624e-05  -1.3479e-05  -1.3320e-05  -1.3147e-05  -1.2962e-05  -1.2764e-05  -1.2554e-05  -1.2331e-05  -1.2096e-05  -1.1848e-05  -1.1590e-05  -1.1319e-05  -1.1038e-05  -1.0746e-05  -1.0443e-05  -1.0130e-05  -9.8066e-06  -9.4738e-06  -9.1316e-06  -8.7804e-06  -8.4205e-06  -8.0523e-06  -7.6762e-06  -7.2925e-06  -6.9016e-06  -6.5038e-06  -6.0997e-06  -5.6895e-06  -5.2738e-06  -4.8528e-06  -4.4270e-06  -3.9969e-06  -3.5628e-06  -3.1252e-06  -2.6845e-06  -2.2411e-06  -1.7956e-06  -1.3482e-06  -8.9955e-07  -4.5000e-07            0
            0  -4.6581e-07  -9.3116e-07  -1.3956e-06  -1.8586e-06  -2.3199e-06  -2.7788e-06  -3.2350e-06  -3.6879e-06  -4.1373e-06  -4.5825e-06  -5.0233e-06  -5.4590e-06  -5.8894e-06  -6.3140e-06  -6.7323e-06  -7.1440e-06  -7.5487e-06  -7.9459e-06  -8.3352e-06  -8.7163e-06  -9.0889e-06  -9.4524e-06  -9.8066e-06  -1.0151e-05  -1.0486e-05  -1.0810e-05  -1.1123e-05  -1.1426e-05  -1.1717e-05  -1.1997e-05  -1.2265e-05  -1.2520e-05  -1.2764e-05  -1.2995e-05  -1.3213e-05  -1.3418e-05  -1.3609e-05  -1.3788e-05  -1.3952e-05  -1.4103e-05  -1.4240e-05  -1.4363e-05  -1.4472e-05  -1.4566e-05  -1.4646e-05  -1.4712e-05  -1.4763e-05  -1.4800e-05  -1.4821e-05  -1.4829e-05  -1.4821e-05  -1.4800e-05  -1.4763e-05  -1.4712e-05  -1.4646e-05  -1.4566e-05  -1.4472e-05  -1.4363e-05  -1.4240e-05  -1.4103e-05  -1.3952e-05  -1.3788e-05  -1.3609e-05  -1.3418e-05  -1.3213e-05  -1.2995e-05  -1.2764e-05  -1.2520e-05  -1.2265e-05  -1.1997e-05  -1.1717e-05  -1.1426e-05  -1.1123e-05  -1.0810e-05  -1.0486e-05  -1.0151e-05  -9.8066e-06  -9.4524e-06  -9.0889e-06  -8.7163e-06  -8.3352e-06  -7.9459e-06  -7.5487e-06  -7.1440e-06  -6.7323e-06  -6.3140e-06  -5.8894e-06  -5.4590e-06  -5.0233e-06  -4.5825e-06  -4.1373e-06  -3.6879e-06  -3.2350e-06  -2.7788e-06  -2.3199e-06  -1.8586e-06  -1.3956e-06  -9.3116e-07  -4.6581e-07            0
            0  -4.8116e-07  -9.6184e-07  -1.4416e-06  -1.9199e-06  -2.3963e-06  -2.8703e-06  -3.3416e-06  -3.8095e-06  -4.2736e-06  -4.7335e-06  -5.1888e-06  -5.6389e-06  -6.0835e-06  -6.5221e-06  -6.9542e-06  -7.3795e-06  -7.7974e-06  -8.2077e-06  -8.6099e-06  -9.0036e-06  -9.3884e-06  -9.7639e-06  -1.0130e-05  -1.0486e-05  -1.0831e-05  -1.1166e-05  -1.1490e-05  -1.1802e-05  -1.2103e-05  -1.2392e-05  -1.2669e-05  -1.2933e-05  -1.3184e-05  -1.3423e-05  -1.3648e-05  -1.3860e-05  -1.4058e-05  -1.4242e-05  -1.4412e-05  -1.4568e-05  -1.4709e-05  -1.4836e-05  -1.4949e-05  -1.5046e-05  -1.5129e-05  -1.5197e-05  -1.5249e-05  -1.5287e-05  -1.5310e-05  -1.5317e-05  -1.5310e-05  -1.5287e-05  -1.5249e-05  -1.5197e-05  -1.5129e-05  -1.5046e-05  -1.4949e-05  -1.4836e-05  -1.4709e-05  -1.4568e-05  -1.4412e-05  -1.4242e-05  -1.4058e-05  -1.3860e-05  -1.3648e-05  -1.3423e-05  -1.3184e-05  -1.2933e-05  -1.2669e-05  -1.2392e-05  -1.2103e-05  -1.1802e-05  -1.1490e-05  -1.1166e-05  -1.0831e-05  -1.0486e-05  -1.0130e-05  -9.7639e-06  -9.3884e-06  -9.0036e-06  -8.6099e-06  -8.2077e-06  -7.7974e-06  -7.3795e-06  -6.9542e-06  -6.5221e-06  -6.0835e-06  -5.6389e-06  -5.1888e-06  -4.7335e-06  -4.2736e-06  -3.8095e-06  -3.3416e-06  -2.8703e-06  -2.3963e-06  -1.9199e-06  -1.4416e-06  -9.6184e-07  -4.8116e-07            0
            0  -4.9603e-07  -9.9158e-07  -1.4861e-06  -1.9792e-06  -2.4704e-06  -2.9591e-06  -3.4449e-06  -3.9272e-06  -4.4057e-06  -4.8799e-06  -5.3492e-06  -5.8133e-06  -6.2716e-06  -6.7237e-06  -7.1692e-06  -7.6076e-06  -8.0385e-06  -8.4615e-06  -8.8761e-06  -9.2819e-06  -9.6786e-06  -1.0066e-05  -1.0443e-05  -1.0810e-05  -1.1166e-05  -1.1511e-05  -1.1845e-05  -1.2167e-05  -1.2477e-05  -1.2775e-05  -1.3061e-05  -1.3333e-05  -1.3592e-05  -1.3838e-05  -1.4070e-05  -1.4288e-05  -1.4492e-05  -1.4682e-05  -1.4858e-05  -1.5018e-05  -1.5164e-05  -1.5295e-05  -1.5411e-05  -1.5511e-05  -1.5597e-05  -1.5667e-05  -1.5721e-05  -1.5760e-05  -1.5783e-05  -1.5791e-05  -1.5783e-05  -1.5760e-05  -1.5721e-05  -1.5667e-05  -1.5597e-05  -1.5511e-05  -1.5411e-05  -1.5295e-05  -1.5164e-05  -1.5018e-05  -1.4858e-05  -1.4682e-05  -1.4492e-05  -1.4288e-05  -1.4070e-05  -1.3838e-05  -1.3592e-05  -1.3333e-05  -1.3061e-05  -1.2775e-05  -1.2477e-05  -1.2167e-05  -1.1845e-05  -1.1511e-05  -1.1166e-05  -1.0810e-05  -1.0443e-05  -1.0066e-05  -9.6786e-06  -9.2819e-06  -8.8761e-06  -8.4615e-06  -8.0385e-06  -7.6076e-06  -7.1692e-06  -6.7237e-06  -6.2716e-06  -5.8133e-06  -5.3492e-06  -4.8799e-06  -4.4057e-06  -3.9272e-06  -3.4449e-06  -2.9591e-06  -2.4704e-06  -1.9792e-06  -1.4861e-06  -9.9158e-07  -4.9603e-07            0
            0  -5.1042e-07  -1.0203e-06  -1.5292e-06  -2.0366e-06  -2.5420e-06  -3.0449e-06  -3.5448e-06  -4.0411e-06  -4.5335e-06  -5.0214e-06  -5.5044e-06  -5.9819e-06  -6.4535e-06  -6.9187e-06  -7.3771e-06  -7.8282e-06  -8.2716e-06  -8.7069e-06  -9.1335e-06  -9.5511e-06  -9.9593e-06  -1.0358e-05  -1.0746e-05  -1.1123e-05  -1.1490e-05  -1.1845e-05  -1.2189e-05  -1.2520e-05  -1.2839e-05  -1.3146e-05  -1.3439e-05  -1.3720e-05  -1.3986e-05  -1.4239e-05  -1.4478e-05  -1.4703e-05  -1.4913e-05  -1.5108e-05  -1.5288e-05  -1.5454e-05  -1.5604e-05  -1.5739e-05  -1.5858e-05  -1.5961e-05  -1.6049e-05  -1.6121e-05  -1.6177e-05  -1.6217e-05  -1.6241e-05  -1.6249e-05  -1.6241e-05  -1.6217e-05  -1.6177e-05  -1.6121e-05  -1.6049e-05  -1.5961e-05  -1.5858e-05  -1.5739e-05  -1.5604e-05  -1.5454e-05  -1.5288e-05  -1.5108e-05  -1.4913e-05  -1.4703e-05  -1.4478e-05  -1.4239e-05  -1.3986e-05  -1.3720e-05  -1.3439e-05  -1.3146e-05  -1.2839e-05  -1.2520e-05  -1.2189e-05  -1.1845e-05  -1.1490e-05  -1.1123e-05  -1.0746e-05  -1.0358e-05  -9.9593e-06  -9.5511e-06  -9.1335e-06  -8.7069e-06  -8.2716e-06  -7.8282e-06  -7.3771e-06  -6.9187e-06  -6.4535e-06  -5.9819e-06  -5.5044e-06  -5.0214e-06  -4.5335e-06  -4.0411e-06  -3.5448e-06  -3.0449e-06  -2.5420e-06  -2.0366e-06  -1.5292e-06  -1.0203e-06  -5.1042e-07            0
            0  -5.2430e-07  -1.0481e-06  -1.5708e-06  -2.0920e-06  -2.6112e-06  -3.1277e-06  -3.6412e-06  -4.1510e-06  -4.6568e-06  -5.1580e-06  -5.6541e-06  -6.1446e-06  -6.6290e-06  -7.1069e-06  -7.5777e-06  -8.0411e-06  -8.4966e-06  -8.9437e-06  -9.3819e-06  -9.8109e-06  -1.0230e-05  -1.0639e-05  -1.1038e-05  -1.1426e-05  -1.1802e-05  -1.2167e-05  -1.2520e-05  -1.2861e-05  -1.3189e-05  -1.3503e-05  -1.3805e-05  -1.4093e-05  -1.4367e-05  -1.4626e-05  -1.4872e-05  -1.5102e-05  -1.5318e-05  -1.5519e-05  -1.5704e-05  -1.5874e-05  -1.6028e-05  -1.6167e-05  -1.6289e-05  -1.6395e-05  -1.6485e-05  -1.6559e-05  -1.6617e-05  -1.6658e-05  -1.6683e-05  -1.6691e-05  -1.6683e-05  -1.6658e-05  -1.6617e-05  -1.6559e-05  -1.6485e-05  -1.6395e-05  -1.6289e-05  -1.6167e-05  -1.6028e-05  -1.5874e-05  -1.5704e-05  -1.5519e-05  -1.5318e-05  -1.5102e-05  -1.4872e-05  -1.4626e-05  -1.4367e-05  -1.4093e-05  -1.3805e-05  -1.3503e-05  -1.3189e-05  -1.2861e-05  -1.2520e-05  -1.2167e-05  -1.1802e-05  -1.1426e-05  -1.1038e-05  -1.0639e-05  -1.0230e-05  -9.8109e-06  -9.3819e-06  -8.9437e-06  -8.4966e-06  -8.0411e-06  -7.5777e-06  -7.1069e-06  -6.6290e-06  -6.1446e-06  -5.6541e-06  -5.1580e-06  -4.6568e-06  -4.1510e-06  -3.6412e-06  -3.1277e-06  -2.6112e-06  -2.0920e-06  -1.5708e-06  -1.0481e-06  -5.2430e-07            0
            0  -5.3767e-07  -1.0748e-06  -1.6109e-06  -2.1454e-06  -2.6777e-06  -3.2074e-06  -3.7340e-06  -4.2569e-06  -4.7755e-06  -5.2895e-06  -5.7982e-06  -6.3012e-06  -6.7980e-06  -7.2880e-06  -7.7709e-06  -8.2461e-06  -8.7132e-06  -9.1716e-06  -9.6211e-06  -1.0061e-05  -1.0491e-05  -1.0911e-05  -1.1319e-05  -1.1717e-05  -1.2103e-05  -1.2477e-05  -1.2839e-05  -1.3189e-05  -1.3525e-05  -1.3848e-05  -1.4157e-05  -1.4452e-05  -1.4733e-05  -1.4999e-05  -1.5251e-05  -1.5487e-05  -1.5709e-05  -1.5914e-05  -1.6105e-05  -1.6279e-05  -1.6437e-05  -1.6579e-05  -1.6704e-05  -1.6813e-05  -1.6906e-05  -1.6981e-05  -1.7040e-05  -1.7083e-05  -1.7108e-05  -1.7116e-05  -1.7108e-05  -1.7083e-05  -1.7040e-05  -1.6981e-05  -1.6906e-05  -1.6813e-05  -1.6704e-05  -1.6579e-05  -1.6437e-05  -1.6279e-05  -1.6105e-05  -1.5914e-05  -1.5709e-05  -1.5487e-05  -1.5251e-05  -1.4999e-05  -1.4733e-05  -1.4452e-05  -1.4157e-05  -1.3848e-05  -1.3525e-05  -1.3189e-05  -1.2839e-05  -1.2477e-05  -1.2103e-05  -1.1717e-05  -1.1319e-05  -1.0911e-05  -1.0491e-05  -1.0061e-05  -9.6211e-06  -9.1716e-06  -8.7132e-06  -8.2461e-06  -7.7709e-06  -7.2880e-06  -6.7980e-06  -6.3012e-06  -5.7982e-06  -5.2895e-06  -4.7755e-06  -4.2569e-06  -3.7340e-06  -3.2074e-06  -2.6777e-06  -2.1454e-06  -1.6109e-06  -1.0748e-06  -5.3767e-07            0
