        0        0        0        0        0        0        0        0        0        0        0
        0  -0.0002  -0.0004  -0.0005  -0.0006  -0.0007  -0.0006  -0.0005  -0.0004  -0.0002        0
        0  -0.0004  -0.0008  -0.0010  -0.0012  -0.0013  -0.0012  -0.0010  -0.0008  -0.0004        0
        0  -0.0005  -0.0010  -0.0014  -0.0017  -0.0018  -0.0017  -0.0014  -0.0010  -0.0005        0
        0  -0.0006  -0.0012  -0.0017  -0.0020  -0.0021  -0.0020  -0.0017  -0.0012  -0.0006        0
        0  -0.0007  -0.0013  -0.0018  -0.0021  -0.0022  -0.0021  -0.0018  -0.0013  -0.0007        0
        0  -0.0006  -0.0012  -0.0017  -0.0020  -0.0021  -0.0020  -0.0017  -0.0012  -0.0006        0
        0  -0.0005  -0.0010  -0.0014  -0.0017  -0.0018  -0.0017  -0.0014  -0.0010  -0.0005        0
        0  -0.0004  -0.0008  -0.0010  -0.0012  -0.0013  -0.0012  -0.0010  -0.0008  -0.0004        0
        0  -0.0002  -0.0004  -0.0005  -0.0006  -0.0007  -0.0006  -0.0005  -0.0004  -0.0002        0
        0        0        0        0        0        0        0        0        0        0        0

