        0        0        0        0        0        0        0        0        0        0        0
        0   0.0135   0.0257   0.0353   0.0415   0.0437   0.0415   0.0353   0.0257   0.0135        0
        0   0.0257   0.0488   0.0672   0.0790   0.0830   0.0790   0.0672   0.0488   0.0257        0
        0   0.0353   0.0672   0.0925   0.1087   0.1143   0.1087   0.0925   0.0672   0.0353        0
        0   0.0415   0.0790   0.1087   0.1278   0.1344   0.1278   0.1087   0.0790   0.0415        0
        0   0.0437   0.0830   0.1143   0.1344   0.1413   0.1344   0.1143   0.0830   0.0437        0
        0   0.0415   0.0790   0.1087   0.1278   0.1344   0.1278   0.1087   0.0790   0.0415        0
        0   0.0353   0.0672   0.0925   0.1087   0.1143   0.1087   0.0925   0.0672   0.0353        0
        0   0.0257   0.0488   0.0672   0.0790   0.0830   0.0790   0.0672   0.0488   0.0257        0
        0   0.0135   0.0257   0.0353   0.0415   0.0437   0.0415   0.0353   0.0257   0.0135        0
        0        0        0        0        0        0        0        0        0        0        0
