        0        0        0        0        0        0        0        0        0        0        0
        0   0.0128   0.0244   0.0336   0.0395   0.0415   0.0395   0.0336   0.0244   0.0128        0
        0   0.0244   0.0464   0.0639   0.0751   0.0790   0.0751   0.0639   0.0464   0.0244        0
        0   0.0336   0.0639   0.0880   0.1034   0.1087   0.1034   0.0880   0.0639   0.0336        0
        0   0.0395   0.0751   0.1034   0.1216   0.1278   0.1216   0.1034   0.0751   0.0395        0
        0   0.0415   0.0790   0.1087   0.1278   0.1344   0.1278   0.1087   0.0790   0.0415        0
        0   0.0395   0.0751   0.1034   0.1216   0.1278   0.1216   0.1034   0.0751   0.0395        0
        0   0.0336   0.0639   0.0880   0.1034   0.1087   0.1034   0.0880   0.0639   0.0336        0
        0   0.0244   0.0464   0.0639   0.0751   0.0790   0.0751   0.0639   0.0464   0.0244        0
        0   0.0128   0.0244   0.0336   0.0395   0.0415   0.0395   0.0336   0.0244   0.0128        0
        0        0        0        0        0        0        0        0        0        0        0

